31471,486482.8166540003
31472,70973.7928791027
31473,541805.4951401368
31474,560897.7429014475
31475,521331.0761975858
31476,488798.91422114626
31477,473313.0231750271
31478,121101.95994000474
31479,449961.3108057306
31480,456265.0527065833
31481,178196.2510387892
31482,513652.79605609097
31483,87643.64667355975
31484,467610.63964592764
31485,69469.44441651556
31486,543841.0208493875
31487,70710.70034660207
31488,512247.9452279466
31489,483239.78846849804
31490,476660.81101463956
31491,111639.74505011056
31492,462370.9753570361
31493,111802.94721561944
31494,462370.9753570361
31495,547581.1090219168
31496,49273.54277517831
31497,511501.8718306407
31498,473102.1189388021
31499,563581.7084825021
31500,571182.1535576539
31501,174196.73345616102
31502,469484.88513057923
31503,532084.5126642258
31504,480032.97049391357
31505,49793.89033410835
31506,56455.80021240519
31507,512247.9452279466
31508,519887.08253402944
31509,512247.9452279466
31510,50764.69271017569
31511,451822.88999370177
31512,498984.3207976798
31513,69797.6319173261
31514,512044.0078374938
31515,566688.1787131836
31516,469273.98089435423
31517,51728.34651391989
31518,451822.88999370177
31519,512247.9452279466
31520,83713.92715212716
31521,539994.9811650976
31522,462370.9753570361
31523,506840.83300423506
31524,117480.88557252423
31525,111154.35925854716
31526,544851.5771851169
31527,539941.0248707812
31528,588535.1923034907
31529,480032.97049391357
31530,539941.0248707812
31531,588535.1923034907
31532,155955.53840376725
31533,230521.93167590708
31534,480032.97049391357
31535,592727.3073012893
31536,120209.15816966679
31537,512138.2144751495
31538,511501.8718306407
31539,110856.63430811786
31540,451076.8165963958
31541,565180.5998367461
31542,181808.05324638414
31543,405764.5450044248
31544,547888.8147136766
31545,527743.5947405851
31546,553679.2505254127
31547,68928.88522414195
31548,63619.57469240803
31549,68267.7381589498
31550,543841.0208493875
31551,452170.9217792508
31552,527743.5947405851
31553,450865.9123601708
31554,547581.1090219168
31555,473102.1189388021
31556,463927.1285592423
31557,380783.5911083251
31558,560897.7429014475
31559,583066.5828835178
31560,68201.99236461378
31561,512247.9452279466
31562,551697.533055943
31563,405975.4492406498
31564,476601.4840909501
31565,469484.88513057923
31566,478568.2251741015
31567,85770.75925782823
31568,477351.7012691377
31569,146384.6741572933
31570,560767.5015291462
31571,469273.98089435423
31572,473102.1189388021
31573,63843.57019059962
31574,506198.44099694956
31575,519887.08253402944
31576,451611.98575747677
31577,137313.13003001394
31578,456475.9569428083
31579,68201.99236461378
31580,143469.26056931948
31581,180286.44273313705
31582,563581.7084825021
31583,43352.00408082252
31584,468496.11712423933
31585,451822.88999370177
31586,491979.04485302046
31587,527743.5947405851
31588,539994.9811650976
31589,477862.01858180756
31590,49273.54277517831
31591,76093.77042704797
31592,539352.5891578121
31593,559390.4811618449
31594,72972.8294242873
31595,512247.9452279466
31596,498341.9287903943
31597,451611.98575747677
31598,213298.84763548465
31599,512044.0078374938
31600,60848.20725948444
31601,63840.355808803426
31602,496365.0619111667
31603,482386.4922249876
31604,113319.85697903056
31605,60848.20725948444
31606,516901.0121770535
31607,571182.1535576539
31608,563882.3284949054
31609,86604.44168083789
31610,486493.1318519999
31611,141388.94088151137
31612,215091.8085565743
31613,473313.0231750271
31614,571438.2206890576
31615,512247.9452279466
31616,469273.98089435423
31617,545785.4169768337
31618,117628.14116682504
31619,278617.6054062045
31620,279363.67880351044
31621,60848.20725948444
31622,48789.87741450328
31623,456475.9569428083
31624,477115.9451845016
31625,522571.0481150841
31626,62663.02147549741
31627,61189.72559396027
31628,470878.96515357384
31629,409803.5872850977
31630,512247.9452279466
31631,516901.0121770535
31632,405764.5450044248
31633,62663.02147549741
31634,94530.89545309219
31635,521541.98043381074
31636,526730.4905575466
31637,56157.10920698178
31638,78945.85077811602
31639,469273.98089435423
31640,520705.488154805
31641,156642.1311241352
31642,529909.9403648245
31643,563581.7084825021
31644,49273.54277517831
31645,519980.74502305867
31646,456475.9569428083
31647,480032.97049391357
31648,530145.6723504429
31649,580951.6852381991
31650,68684.52624167435
31651,563581.7084825021
31652,529909.9403648245
31653,159698.2208591346
31654,79196.80982909114
31655,58330.342178378276
31656,469484.88513057923
31657,477862.01858180756
31658,529909.9403648245
31659,560897.7429014475
31660,560897.7429014475
31661,394908.54845800047
31662,48789.87741450328
31663,462370.9753570361
31664,72368.0373283597
31665,409803.5872850977
31666,110381.80988039591
31667,470343.7959924929
31668,522571.0481150841
31669,516901.0121770535
31670,512247.9452279466
31671,547851.493371653
31672,486162.483693718
31673,92408.1753591596
31674,568462.512914478
31675,405975.4492406498
31676,92674.32876143297
31677,102072.80165193071
31678,53844.122673579834
31679,451076.8165963958
31680,232198.26451900954
31681,178196.2510387892
31682,63358.94979255044
31683,523514.0601347731
31684,451822.88999370177
31685,506840.83300423506
31686,96070.3662996182
31687,207836.08227992686
31688,473313.0231750271
31689,484457.9962975055
31690,514734.6665528141
31691,512247.9452279466
31692,194341.39602693767
31693,440836.60021074157
31694,63501.94522896687
31695,63303.010998226004
31696,547524.5319360729
31697,451611.98575747677
31698,451076.8165963958
31699,160649.4769850182
31700,131130.34936456193
31701,516901.0121770535
31702,367723.5277585794
31703,471783.6407657977
31704,451611.98575747677
31705,498341.9287903943
31706,560897.7429014475
31707,49793.89033410835
31708,147616.40299129643
31709,519887.08253402944
31710,545143.0249695482
31711,105331.03871115868
31712,451428.07692185685
31713,60848.20725948444
31714,560897.7429014475
31715,469273.98089435423
31716,460027.4339858062
31717,573095.1730316436
31718,514215.07329848345
31719,480032.97049391357
31720,130672.88513522419
31721,482716.93607496825
31722,508360.49675080844
31723,450865.9123601708
31724,62237.77186327107
31725,512247.9452279466
31726,521541.98043381074
31727,64603.016799399484
31728,71914.27287401378
31729,541805.4951401368
31730,451076.8165963958
31731,68742.55155698738
31732,90089.38747993682
31733,511501.8718306407
31734,168403.2551086475
31735,69583.07234662678
31736,51123.458517453924
31737,533738.0784092724
31738,76887.57844065738
31739,522184.37244109623
31740,556816.550059187
31741,539941.0248707812
31742,113165.88416310886
31743,68201.99236461378
31744,68684.52624167435
31745,535195.4272194294
31746,92003.9667374076
31747,512247.9452279466
31748,42347.99116121743
31749,533738.0784092724
31750,121366.08622759386
31751,87926.26500842087
31752,512247.9452279466
31753,558831.6665066282
31754,521541.98043381074
31755,451822.88999370177
31756,532084.5126642258
31757,532593.9059458792
31758,498984.3207976798
31759,541805.4951401368
31760,516901.0121770535
31761,450865.9123601708
31762,568754.2551080029
31763,473313.0231750271
31764,512247.9452279466
31765,306543.55064077507
31766,539739.4187453174
31767,226141.6201351415
31768,451611.98575747677
31769,511501.8718306407
31770,524862.0603438731
31771,173030.7164564896
31772,68201.99236461378
31773,59706.42931152303
31774,87423.92012237773
31775,49273.54277517831
31776,232198.26451900954
31777,462370.9753570361
31778,498984.3207976798
31779,96395.08455145248
31780,476971.24208485486
31781,569372.1442942383
31782,67698.80709049606
31783,543841.0208493875
31784,173133.93115867593
31785,62598.7550243611
31786,49273.54277517831
31787,467610.63964592764
31788,498341.9287903943
31789,130672.88513522419
31790,506198.44099694956
31791,84491.32043920395
31792,530427.5603216396
31793,408659.4148217045
31794,464553.67731759173
31795,63303.010998226004
31796,482716.93607496825
31797,588535.1923034907
31798,59378.95416735387
31799,480032.97049391357
31800,467610.63964592764
31801,63063.104243814305
31802,490387.54717491026
31803,457497.5245758406
31804,60848.20725948444
31805,563581.7084825021
31806,540985.5458943306
31807,476601.4840909501
31808,473102.1189388021
31809,525724.805949143
31810,49793.89033410835
31811,49273.54277517831
31812,52127.471437058986
31813,547524.5319360729
31814,563581.7084825021
31815,551697.533055943
31816,60848.20725948444
31817,506284.14493958035
31818,108834.03347199675
31819,487785.9065849479
31820,98285.70272398808
31821,149951.08228362032
31822,179594.44028934487
31823,573095.1730316436
31824,529909.9403648245
31825,573095.1730316436
31826,450865.9123601708
31827,506840.83300423506
31828,56627.327880307705
31829,451611.98575747677
31830,73481.14300401145
31831,469273.98089435423
31832,107472.80419237299
31833,469484.88513057923
31834,498341.9287903943
31835,65607.02971900455
31836,473102.1189388021
31837,60848.20725948444
31838,123166.57665259301
31839,512247.9452279466
31840,512247.9452279466
31841,566688.1787131836
31842,146739.30433655594
31843,68201.99236461378
31844,486704.0360882249
31845,498341.9287903943
31846,440823.43773146713
31847,579718.3791135184
31848,60848.20725948444
31849,60848.20725948444
31850,56627.327880307705
31851,73356.27351558022
31852,491979.04485302046
31853,483239.78846849804
31854,79239.15997599538
31855,56631.42053585135
31856,544851.5771851169
31857,588535.1923034907
31858,60848.20725948444
31859,408448.5105854795
31860,486482.8166540003
31861,545785.4169768337
31862,519887.08253402944
31863,530427.5603216396
31864,469416.30194330064
31865,408448.5105854795
31866,545270.9461102502
31867,568754.2551080029
31868,456265.0527065833
31869,152799.32456639005
31870,412878.3060211034
31871,419180.13954815804
31872,67801.44595623564
31873,456475.9569428083
31874,451611.98575747677
31875,532084.5126642258
31876,405764.5450044248
31877,409592.6830488727
31878,68928.88522414195
31879,530145.6723504429
31880,545785.4169768337
31881,482597.3964612126
31882,56242.30092039367
31883,70222.35907614343
31884,488798.91422114626
31885,109578.91267553966
31886,63303.010998226004
31887,232198.26451900954
31888,70433.23368672909
31889,475467.15185248305
31890,512247.9452279466
31891,547888.8147136766
31892,469484.88513057923
31893,62899.38580878757
31894,516901.0121770535
31895,500794.83477271884
31896,63336.081865697255
31897,80421.33905970141
31898,64726.51992968144
31899,506198.44099694956
31900,75440.36187107017
31901,60848.20725948444
31902,553600.0453501088
31903,473102.1189388021
31904,531514.9246240442
31905,63193.55361159757
31906,213087.94339925962
31907,500555.12100113777
31908,545785.4169768337
31909,136043.96550500835
31910,522571.0481150841
31911,405975.4492406498
31912,305784.1316915825
31913,111763.9483714268
31914,547524.5319360729
31915,571182.1535576539
31916,512589.3849826907
31917,574581.4672007225
31918,542216.8054781306
31919,482803.4679263511
31920,81189.21690576794
31921,89382.21125438136
31922,512247.9452279466
31923,544851.5771851169
31924,480912.14407037105
31925,264783.5607399773
31926,456475.9569428083
31927,512247.9452279466
31928,513388.0393042512
31929,473102.1189388021
31930,584851.6812168054
31931,539739.4187453174
31932,60848.20725948444
31933,68878.78035926583
31934,49793.89033410835
31935,56627.327880307705
31936,473102.1189388021
31937,451611.98575747677
31938,529909.9403648245
31939,61189.72559396027
31940,513652.79605609097
31941,436127.04803270206
31942,61900.34043649163
31943,51123.458517453924
31944,456475.9569428083
31945,447830.00385561003
31946,120812.51745755365
31947,483141.8199440388
31948,279363.67880351044
31949,128932.05589125025
31950,539739.4187453174
31951,60848.20725948444
31952,417320.4687339849
31953,498984.3207976798
31954,68201.99236461378
31955,471957.9464754089
31956,84145.25845968585
31957,53277.84190908073
31958,75277.16025777339
31959,62663.02147549741
31960,477115.9451845016
31961,574581.4672007225
31962,533738.0784092724
31963,87049.22607065126
31964,65778.3306067108
31965,505615.93301334954
31966,60848.20725948444
31967,512247.9452279466
31968,451611.98575747677
31969,571182.1535576539
31970,590402.3224596666
31971,522184.37244109623
31972,280356.28897703293
31973,90679.74122292205
31974,473102.1189388021
31975,52127.471437058986
31976,78026.64676108643
31977,506840.83300423506
31978,486162.483693718
31979,563968.0333583839
31980,405975.4492406498
31981,491979.04485302046
31982,486704.0360882249
31983,545270.9461102502
31984,480032.97049391357
31985,68742.55155698738
31986,450865.9123601708
31987,68201.99236461378
31988,526236.0158641476
31989,483239.78846849804
31990,533738.0784092724
31991,539994.9811650976
31992,522571.0481150841
31993,545143.0249695482
31994,486704.0360882249
31995,532084.5126642258
31996,560897.7429014475
31997,529909.9403648245
31998,498341.9287903943
31999,451076.8165963958
32000,451822.88999370177
32001,519887.08253402944
32002,519887.08253402944
32003,489561.6550127436
32004,547524.5319360729
32005,441034.34196769213
32006,64468.81948098906
32007,573095.1730316436
32008,519887.08253402944
32009,60848.20725948444
32010,63303.010998226004
32011,451822.88999370177
32012,185289.81359216062
32013,405764.5450044248
32014,456475.9569428083
32015,469416.30194330064
32016,480032.97049391357
32017,573095.1730316436
32018,592727.3073012893
32019,500555.12100113777
32020,451822.88999370177
32021,49273.54277517831
32022,68826.94463031879
32023,49273.54277517831
32024,122266.69872929943
32025,203338.41366052305
32026,422652.7463986184
32027,462370.9753570361
32028,560710.9653820973
32029,528921.1723584845
32030,173030.7164564896
32031,405975.4492406498
32032,500957.47716222116
32033,86211.12522493166
32034,518379.5036575918
32035,62663.02147549741
32036,451611.98575747677
32037,483239.78846849804
32038,48789.87741450328
32039,486704.0360882249
32040,560897.7429014475
32041,475101.76268092607
32042,451611.98575747677
32043,580951.6852381991
32044,463927.1285592423
32045,69553.83748984696
32046,498341.9287903943
32047,532084.5126642258
32048,496921.4732932773
32049,469205.39770707564
32050,272573.4439207768
32051,562458.6441073716
32052,122256.06146108867
32053,58160.36018389169
32054,483028.88423227303
32055,469273.98089435423
32056,95944.76089951131
32057,134955.29974863646
32058,452170.9217792508
32059,63963.516390697885
32060,451076.8165963958
32061,409803.5872850977
32062,539994.9811650976
32063,498984.3207976798
32064,506878.1543462585
32065,59111.30547563475
32066,48789.87741450328
32067,68826.94463031879
32068,56627.327880307705
32069,78046.41164991395
32070,113530.5382323868
32071,409592.6830488727
32072,229690.12369986047
32073,463927.1285592423
32074,553679.2505254127
32075,516901.0121770535
32076,469205.39770707564
32077,539941.0248707812
32078,530427.5603216396
32079,519887.08253402944
32080,97900.30360969111
32081,81503.24725753047
32082,527743.5947405851
32083,64894.474708386784
32084,474947.8293082334
32085,60848.20725948444
32086,473102.1189388021
32087,506840.83300423506
32088,545143.0249695482
32089,529909.9403648245
32090,108834.03347199675
32091,56627.327880307705
32092,227455.8030238055
32093,89641.33024328244
32094,72041.04004264147
32095,164588.8606807131
32096,526730.4905575466
32097,469484.88513057923
32098,63303.010998226004
32099,51728.34651391989
32100,213087.94339925962
32101,460027.4339858062
32102,565180.5998367461
32103,512247.9452279466
32104,500794.83477271884
32105,101710.59560214746
32106,112255.1644303762
32107,229690.12369986047
32108,179594.44028934487
32109,145783.60709802195
32110,547888.8147136766
32111,62501.6766093304
32112,114246.13264314753
32113,451611.98575747677
32114,512247.9452279466
32115,469273.98089435423
32116,469205.39770707564
32117,161690.75189478867
32118,539739.4187453174
32119,467610.63964592764
32120,68123.67695882398
32121,65778.3306067108
32122,588535.1923034907
32123,473102.1189388021
32124,504238.6320878231
32125,498341.9287903943
32126,512247.9452279466
32127,482515.0855309141
32128,451076.8165963958
32129,547851.493371653
32130,572219.7060781164
32131,167882.07003934318
32132,506840.83300423506
32133,469484.88513057923
32134,524862.0603438731
32135,60848.20725948444
32136,512247.9452279466
32137,532084.5126642258
32138,56627.327880307705
32139,72552.5117986556
32140,579124.3697068403
32141,462370.9753570361
32142,122994.32620973462
32143,543841.0208493875
32144,544851.5771851169
32145,512247.9452279466
32146,60848.20725948444
32147,62599.278948696614
32148,498341.9287903943
32149,511501.8718306407
32150,548798.3648138784
32151,519887.08253402944
32152,412132.23262379743
32153,117236.32276583606
32154,512247.9452279466
32155,482716.93607496825
32156,545785.4169768337
32157,480032.97049391357
32158,245755.83743304288
32159,422863.6506348434
32160,405975.4492406498
32161,56240.36644633943
32162,511501.8718306407
32163,545785.4169768337
32164,488384.1575161179
32165,456265.0527065833
32166,416523.53460398415
32167,140321.3557831204
32168,77195.06250266217
32169,451822.88999370177
32170,60848.20725948444
32171,452211.91403142916
32172,532084.5126642258
32173,527743.5947405851
32174,60848.20725948444
32175,172495.5472954087
32176,543841.0208493875
32177,283076.8925390035
32178,104974.11483463545
32179,56627.327880307705
32180,143660.57239251467
32181,69469.44441651556
32182,462370.9753570361
32183,59706.42931152303
32184,93515.44862475322
32185,63303.010998226004
32186,441034.34196769213
32187,116454.868403966
32188,64714.206275068726
32189,52127.471437058986
32190,155721.41204890446
32191,572219.7060781164
32192,512247.9452279466
32193,77320.7773626745
32194,469273.98089435423
32195,63303.010998226004
32196,105557.77155255788
32197,516901.0121770535
32198,471783.6407657977
32199,49793.89033410835
32200,451822.88999370177
32201,512247.9452279466
32202,547209.1013643675
32203,96252.06826554658
32204,68928.88522414195
32205,408448.5105854795
32206,506878.1543462585
32207,579718.3791135184
32208,527743.5947405851
32209,560897.7429014475
32210,451076.8165963958
32211,451611.98575747677
32212,78209.21295584583
32213,63303.010998226004
32214,68201.99236461378
32215,456475.9569428083
32216,220343.66967590706
32217,95944.76089951131
32218,469484.88513057923
32219,473102.1189388021
32220,77533.75632485103
32221,530427.5603216396
32222,43886.43281139272
32223,64726.51992968144
32224,52127.471437058986
32225,56627.327880307705
32226,68201.99236461378
32227,56627.327880307705
32228,58173.397007939064
32229,560897.7429014475
32230,471957.9464754089
32231,472100.2675243553
32232,496655.42642770166
32233,486704.0360882249
32234,512247.9452279466
32235,512247.9452279466
32236,78009.9388179445
32237,77456.51772728653
32238,394697.64422177547
32239,74068.60103946565
32240,500555.12100113777
32241,63211.629995131065
32242,482716.93607496825
32243,60848.20725948444
32244,294990.22504652303
32245,230521.93167590708
32246,56627.327880307705
32247,539528.5145090924
32248,512247.9452279466
32249,545143.0249695482
32250,513472.4452199048
32251,409803.5872850977
32252,70385.87870976546
32253,60848.20725948444
32254,496655.42642770166
32255,69855.46171445979
32256,544851.5771851169
32257,521541.98043381074
32258,181266.93780268755
32259,552769.6191456524
32260,527743.5947405851
32261,470878.96515357384
32262,59608.2484407875
32263,62663.02147549741
32264,522571.0481150841
32265,521331.0761975858
32266,291817.6136886864
32267,75103.73912586014
32268,451611.98575747677
32269,425398.18910876836
32270,467610.63964592764
32271,471957.9464754089
32272,539994.9811650976
32273,49273.54277517831
32274,551697.533055943
32275,519887.08253402944
32276,68928.88522414195
32277,127965.23512501731
32278,473102.1189388021
32279,469273.98089435423
32280,573095.1730316436
32281,54711.416108859106
32282,543841.0208493875
32283,521331.0761975858
32284,512781.36066669
32285,53316.57967884271
32286,60848.20725948444
32287,498984.3207976798
32288,491979.04485302046
32289,471783.6407657977
32290,598258.8346662221
32291,136254.8697412334
32292,62663.02147549741
32293,524748.7730880767
32294,451822.88999370177
32295,461976.1622851912
32296,476971.24208485486
32297,60848.20725948444
32298,554002.925270333
32299,198185.91766161265
32300,471089.86938979884
32301,571310.0746983561
32302,260985.0247443047
32303,506840.83300423506
32304,498341.9287903943
32305,482716.93607496825
32306,512247.9452279466
32307,464474.76882189413
32308,56627.327880307705
32309,97213.2922247483
32310,506878.1543462585
32311,64862.882011147725
32312,475467.15185248305
32313,524250.4488359158
32314,545270.9461102502
32315,512247.9452279466
32316,173030.7164564896
32317,504238.6320878231
32318,543841.0208493875
32319,229690.12369986047
32320,98235.53355211415
32321,82760.31792143591
32322,120812.51745755365
32323,72896.72293145198
32324,56627.327880307705
32325,217260.7612254913
32326,527743.5947405851
32327,462370.9753570361
32328,543841.0208493875
32329,60848.20725948444
32330,56455.80021240519
32331,405764.5450044248
32332,173241.62069271464
32333,527743.5947405851
32334,512247.9452279466
32335,480032.97049391357
32336,587659.7253499635
32337,225731.2382934993
32338,241101.35858262455
32339,147452.1047568565
32340,512247.9452279466
32341,518133.4840463105
32342,467024.0423061426
32343,519887.08253402944
32344,528432.2841747621
32345,68201.99236461378
32346,588535.1923034907
32347,357440.39118509315
32348,498984.3207976798
32349,566688.1787131836
32350,273671.2339224861
32351,555745.326920232
32352,250939.53621184474
32353,469273.98089435423
32354,487785.9065849479
32355,506198.44099694956
32356,491979.04485302046
32357,473102.1189388021
32358,206833.00287759578
32359,81485.41125287683
32360,592727.3073012893
32361,513388.0393042512
32362,420351.672648432
32363,512247.9452279466
32364,76454.79916072631
32365,486162.483693718
32366,512247.9452279466
32367,564586.590430068
32368,568754.2551080029
32369,55294.53204818438
32370,191451.5911885951
32371,51728.34651391989
32372,539994.9811650976
32373,560897.7429014475
32374,555381.0441426283
32375,473102.1189388021
32376,547209.1013643675
32377,92754.93384075654
32378,546626.5933807674
32379,498341.9287903943
32380,498984.3207976798
32381,63303.010998226004
32382,75295.95722002443
32383,462370.9753570361
32384,477115.9451845016
32385,547888.8147136766
32386,177911.02472674326
32387,126817.91135993523
32388,433411.7359981777
32389,543841.0208493875
32390,49793.89033410835
32391,501206.1451107125
32392,405764.5450044248
32393,508813.98936877673
32394,50120.61928383322
32395,584851.6812168054
32396,483352.7241802638
32397,473313.0231750271
32398,498341.9287903943
32399,81189.21690576794
32400,49793.89033410835
32401,412878.3060211034
32402,539352.5891578121
32403,512247.9452279466
32404,506920.68167331297
32405,77993.97850445122
32406,118429.64839476485
32407,62208.62619819374
32408,563581.7084825021
32409,469484.88513057923
32410,62599.014069723606
32411,236908.96706212874
32412,56344.647010472676
32413,506840.83300423506
32414,56627.327880307705
32415,519887.08253402944
32416,106051.66685714947
32417,541805.4951401368
32418,66920.54847190103
32419,483861.10853836144
32420,111802.94721561944
32421,544851.5771851169
32422,524978.7325518371
32423,547524.5319360729
32424,545143.0249695482
32425,63404.68889907876
32426,80809.345003364
32427,467610.63964592764
32428,462370.9753570361
32429,79157.0899565904
32430,545143.0249695482
32431,512247.9452279466
32432,72835.19778497376
32433,519851.88778256805
32434,512247.9452279466
32435,471957.9464754089
32436,573095.1730316436
32437,206447.1704931535
32438,49273.54277517831
32439,447830.00385561003
32440,500881.5192143757
32441,68661.27266686913
32442,145788.98750847965
32443,267003.6303424465
32444,194341.39602693767
32445,580951.6852381991
32446,572219.7060781164
32447,539941.0248707812
32448,553679.2505254127
32449,60848.20725948444
32450,543841.0208493875
32451,138268.95684105088
32452,555381.0441426283
32453,75167.46685199066
32454,467610.63964592764
32455,409803.5872850977
32456,58173.397007939064
32457,76263.15041256134
32458,60848.20725948444
32459,68201.99236461378
32460,568754.2551080029
32461,512247.9452279466
32462,583976.2142632782
32463,488798.91422114626
32464,545785.4169768337
32465,84356.16269591088
32466,56627.327880307705
32467,110164.55918036876
32468,539994.9811650976
32469,293617.0567169185
32470,573095.1730316436
32471,457497.5245758406
32472,86416.56603486724
32473,143016.7075791114
32474,457708.4288120656
32475,491979.04485302046
32476,65648.35735033915
32477,394697.64422177547
32478,451611.98575747677
32479,75967.2842254131
32480,63303.010998226004
32481,463927.1285592423
32482,469484.88513057923
32483,63303.010998226004
32484,469416.30194330064
32485,451822.88999370177
32486,482803.4679263511
32487,521541.98043381074
32488,505615.93301334954
32489,60848.20725948444
32490,512247.9452279466
32491,178196.2510387892
32492,424658.2634499667
32493,512247.9452279466
32494,461624.90195973014
32495,55451.78729280016
32496,524406.1967541295
32497,522184.37244109623
32498,209289.15111614444
32499,504238.6320878231
32500,79019.75086385266
32501,56627.327880307705
32502,182007.8526579559
32503,244756.52620321186
32504,517336.3071427763
32505,75455.03960112404
32506,610015.3428513838
32507,213087.94339925962
32508,547851.493371653
32509,512247.9452279466
32510,405764.5450044248
32511,64584.22707226447
32512,506878.1543462585
32513,519887.08253402944
32514,88424.79081751009
32515,68684.52624167435
32516,451822.88999370177
32517,165366.59789696752
32518,78744.28629412994
32519,63963.516390697885
32520,64726.51992968144
32521,60848.20725948444
32522,471957.9464754089
32523,232198.26451900954
32524,64894.474708386784
32525,68201.99236461378
32526,522184.37244109623
32527,61678.03143730096
32528,178450.3857047941
32529,545143.0249695482
32530,58160.36018389169
32531,217476.07222001205
32532,513652.79605609097
32533,522571.0481150841
32534,526730.4905575466
32535,512247.9452279466
32536,180286.44273313705
32537,80010.84076039642
32538,63303.010998226004
32539,63303.010998226004
32540,451611.98575747677
32541,514215.07329848345
32542,49793.89033410835
32543,515432.9952799559
32544,545270.9461102502
32545,547524.5319360729
32546,62501.6766093304
32547,233754.72395452662
32548,473313.0231750271
32549,476971.24208485486
32550,60243.640661337005
32551,205892.99846057873
32552,49273.54277517831
32553,529909.9403648245
32554,571182.1535576539
32555,68201.99236461378
32556,229690.12369986047
32557,515432.9952799559
32558,276545.6107486651
32559,557027.4542954119
32560,519887.08253402944
32561,100283.51131230262
32562,498984.3207976798
32563,545143.0249695482
32564,517647.0855743594
32565,588535.1923034907
32566,512247.9452279466
32567,62359.9044202545
32568,108375.99663429118
32569,483861.10853836144
32570,77465.85412246706
32571,560897.7429014475
32572,586750.0939702032
32573,65267.079122055045
32574,451822.88999370177
32575,571182.1535576539
32576,59388.62982594479
32577,527743.5947405851
32578,571824.5455649394
32579,512247.9452279466
32580,519887.08253402944
32581,463927.1285592423
32582,71284.25863252854
32583,560500.0611458723
32584,70669.66497810768
32585,91403.96687213173
32586,451465.8406341232
32587,526519.5863213217
32588,176761.00577794225
32589,491979.04485302046
32590,468496.11712423933
32591,107898.71337703461
32592,189678.10743182548
32593,56455.80021240519
32594,51728.34651391989
32595,147591.94836622284
32596,72896.72293145198
32597,75399.77558926179
32598,59990.714164796635
32599,357229.48694886814
32600,77812.01830765323
32601,66308.862742811
32602,66379.98927952742
32603,573095.1730316436
32604,380994.4953445501
32605,211164.96115331227
32606,467910.03569510684
32607,419180.13954815804
32608,405764.5450044248
32609,78989.45098894328
32610,462370.9753570361
32611,77510.02960556385
32612,574581.4672007225
32613,207836.08227992686
32614,65298.052121352564
32615,547524.5319360729
32616,501896.58927609946
32617,566688.1787131836
32618,584851.6812168054
32619,77502.55025209545
32620,72248.0479027421
32621,87938.14819834539
32622,216456.38792968253
32623,500555.12100113777
32624,511501.8718306407
32625,56455.80021240519
32626,60848.20725948444
32627,519887.08253402944
32628,469273.98089435423
32629,276841.48830373713
32630,512247.9452279466
32631,64726.51992968144
32632,498341.9287903943
32633,66379.98927952742
32634,62398.144495094755
32635,506878.1543462585
32636,588535.1923034907
32637,56627.327880307705
32638,462370.9753570361
32639,142767.2121884478
32640,451676.7448703482
32641,62663.02147549741
32642,63303.010998226004
32643,60678.98606500502
32644,468285.2128880143
32645,418969.23531193304
32646,512247.9452279466
32647,451611.98575747677
32648,522184.37244109623
32649,522184.37244109623
32650,572219.7060781164
32651,107564.21934194762
32652,226744.8261029724
32653,500555.12100113777
32654,111758.92585669461
32655,462370.9753570361
32656,56627.327880307705
32657,482716.93607496825
32658,123640.45551829087
32659,422652.7463986184
32660,462370.9753570361
32661,78805.75917057971
32662,527743.5947405851
32663,487575.00234872295
32664,475467.15185248305
32665,81691.15941241987
32666,137102.2257937889
32667,514215.07329848345
32668,469273.98089435423
32669,469273.98089435423
32670,592727.3073012893
32671,65150.8960817102
32672,463927.1285592423
32673,514734.6665528141
32674,560897.7429014475
32675,566688.1787131836
32676,125512.17357138735
32677,501896.58927609946
32678,217718.58731345882
32679,272013.157017159
32680,158261.23170988838
32681,512247.9452279466
32682,460027.4339858062
32683,49273.54277517831
32684,469484.88513057923
32685,552769.6191456524
32686,394697.64422177547
32687,78484.88274858598
32688,211797.9958699335
32689,60848.20725948444
32690,592727.3073012893
32691,469273.98089435423
32692,462370.9753570361
32693,512247.9452279466
32694,49793.89033410835
32695,566688.1787131836
32696,472168.8507116339
32697,451822.88999370177
32698,475467.15185248305
32699,135345.06303523525
32700,476971.24208485486
32701,451822.88999370177
32702,462970.9036309885
32703,65173.76400856338
32704,519887.08253402944
32705,498341.9287903943
32706,83831.37810636184
32707,109986.02139637273
32708,470343.7959924929
32709,62663.02147549741
32710,56627.327880307705
32711,367723.5277585794
32712,68928.88522414195
32713,451611.98575747677
32714,56627.327880307705
32715,451822.88999370177
32716,64584.22707226447
32717,512247.9452279466
32718,584851.6812168054
32719,469273.98089435423
32720,456265.0527065833
32721,539739.4187453174
32722,63927.963263931015
32723,574581.4672007225
32724,212008.90010615854
32725,55451.78729280016
32726,587659.7253499635
32727,469273.98089435423
32728,498984.3207976798
32729,74629.0369376708
32730,405975.4492406498
32731,506878.1543462585
32732,529909.9403648245
32733,49273.54277517831
32734,139669.02917811417
32735,43352.00408082252
32736,70743.69944015493
32737,145578.08327225462
32738,547164.5639346972
32739,72007.02887138707
32740,56627.327880307705
32741,532084.5126642258
32742,483861.10853836144
32743,60848.20725948444
32744,60848.20725948444
32745,504144.81179087784
32746,67282.67906929797
32747,525598.3131704616
32748,465299.7507148977
32749,80809.345003364
32750,143469.26056931948
32751,68928.88522414195
32752,67282.67906929797
32753,584870.7950947338
32754,179935.10145698272
32755,73481.14300401145
32756,527743.5947405851
32757,547888.8147136766
32758,557911.9419400329
32759,500794.83477271884
32760,513599.23452675034
32761,456475.9569428083
32762,59706.42931152303
32763,541579.5553010087
32764,53151.855445375324
32765,123314.88315521003
32766,456475.9569428083
32767,450865.9123601708
32768,113411.08921804163
32769,49793.89033410835
32770,74431.11812285743
32771,538177.3430632553
32772,405764.5450044248
32773,521541.98043381074
32774,420670.33965151897
32775,96252.06826554658
32776,412132.23262379743
32777,74737.69491512793
32778,567618.6838891146
32779,506840.83300423506
32780,61749.299165039665
32781,112665.01582073567
32782,566688.1787131836
32783,99113.7866810037
32784,529909.9403648245
32785,252251.93407179083
32786,483028.88423227303
32787,482478.9726070326
32788,140235.41788139375
32789,68684.52624167435
32790,51123.458517453924
32791,545143.0249695482
32792,451076.8165963958
32793,84241.02199024777
32794,138457.0492590423
32795,58173.397007939064
32796,506878.1543462585
32797,68928.88522414195
32798,547888.8147136766
32799,529909.9403648245
32800,484457.9962975055
32801,527743.5947405851
32802,519075.5844764548
32803,74599.80823073433
32804,155904.24040783534
32805,75897.47582768073
32806,133004.1212107585
32807,547581.1090219168
32808,68201.99236461378
32809,451611.98575747677
32810,81628.69796156297
32811,186228.30891831336
32812,519887.08253402944
32813,172579.8346163119
32814,518133.4840463105
32815,62663.02147549741
32816,549230.6403295165
32817,75790.48324505622
32818,573095.1730316436
32819,532084.5126642258
32820,451822.88999370177
32821,573095.1730316436
32822,126303.53982653598
32823,573095.1730316436
32824,70743.69944015493
32825,66188.91654271276
32826,69469.44441651556
32827,54372.06028069577
32828,462370.9753570361
32829,563581.7084825021
32830,66283.63369700203
32831,533738.0784092724
32832,64403.73427137468
32833,573095.1730316436
32834,579718.3791135184
32835,519887.08253402944
32836,528921.1723584845
32837,512247.9452279466
32838,450865.9123601708
32839,413549.8881507175
32840,547524.5319360729
32841,57445.341723890386
32842,471957.9464754089
32843,51123.458517453924
32844,469273.98089435423
32845,49793.89033410835
32846,519887.08253402944
32847,69203.29312861201
32848,105380.92657184253
32849,451822.88999370177
32850,469484.88513057923
32851,65977.01778879935
32852,76370.35089962588
32853,71284.25863252854
32854,482689.87684325763
32855,451611.98575747677
32856,460027.4339858062
32857,54305.35892173078
32858,110017.46747141916
32859,547888.8147136766
32860,292250.2126514675
32861,52127.471437058986
32862,547888.8147136766
32863,548223.5010292022
32864,60848.20725948444
32865,60848.20725948444
32866,463927.1285592423
32867,588497.7726954772
32868,212008.90010615854
32869,451611.98575747677
32870,491979.04485302046
32871,60848.20725948444
32872,265768.08697369427
32873,61900.34043649163
32874,469484.88513057923
32875,495524.0137186851
32876,124098.75182711551
32877,527743.5947405851
32878,573095.1730316436
32879,529909.9403648245
32880,491979.04485302046
32881,451076.8165963958
32882,512247.9452279466
32883,512247.9452279466
32884,48269.52985557327
32885,527743.5947405851
32886,480032.97049391357
32887,105407.62498591004
32888,486704.0360882249
32889,451611.98575747677
32890,573095.1730316436
32891,535195.4272194294
32892,451822.88999370177
32893,173030.7164564896
32894,62899.38580878757
32895,512247.9452279466
32896,196323.76062619188
32897,451611.98575747677
32898,512247.9452279466
32899,74537.81579754884
32900,533738.0784092724
32901,83955.94504181523
32902,49793.89033410835
32903,64726.51992968144
32904,416523.53460398415
32905,529909.9403648245
32906,547888.8147136766
32907,571824.5455649394
32908,81742.59264066855
32909,87085.34467271474
32910,408659.4148217045
32911,512247.9452279466
32912,505615.93301334954
32913,131053.9115534629
32914,473313.0231750271
32915,429728.2249114924
32916,560897.7429014475
32917,267003.6303424465
32918,547888.8147136766
32919,65024.616709544
32920,573095.1730316436
32921,405975.4492406498
32922,56455.80021240519
32923,75295.95722002443
32924,68742.55155698738
32925,547888.8147136766
32926,62928.29616511633
32927,516901.0121770535
32928,68928.88522414195
32929,78026.64676108643
32930,49793.89033410835
32931,511501.8718306407
32932,527743.5947405851
32933,97422.07223865594
32934,106051.66685714947
32935,543777.7794145092
32936,571824.5455649394
32937,501896.58927609946
32938,451822.88999370177
32939,52640.17536391788
32940,504238.6320878231
32941,532084.5126642258
32942,480032.97049391357
32943,104457.76920305268
32944,50806.57507876228
32945,496365.0619111667
32946,545143.0249695482
32947,124862.67939090187
32948,64726.51992968144
32949,80421.33905970141
32950,68928.88522414195
32951,467610.63964592764
32952,469484.88513057923
32953,240261.77510605066
32954,545143.0249695482
32955,94012.8690104712
32956,469416.30194330064
32957,52614.23503941558
32958,276545.6107486651
32959,79894.10128127111
32960,70553.22311234672
32961,473102.1189388021
32962,571182.1535576539
32963,451822.88999370177
32964,486373.387929943
32965,533738.0784092724
32966,409592.6830488727
32967,56627.327880307705
32968,73524.15745645258
32969,60848.20725948444
32970,102279.14967008418
32971,69151.33764826901
32972,530427.5603216396
32973,545785.4169768337
32974,524157.528805638
32975,102524.33032323165
32976,111758.92585669461
32977,519887.08253402944
32978,67801.44595623564
32979,63004.53980997324
32980,539941.0248707812
32981,70689.98171518037
32982,519887.08253402944
32983,212008.90010615854
32984,514734.6665528141
32985,53740.58503655349
32986,539994.9811650976
32987,161329.3088062503
32988,543841.0208493875
32989,533738.0784092724
32990,511501.8718306407
32991,573095.1730316436
32992,405975.4492406498
32993,539739.4187453174
32994,527743.5947405851
32995,148037.89296329184
32996,457222.03034011426
32997,592708.1934233608
32998,75565.90518389938
32999,464685.67305811914
33000,56627.327880307705
33001,514734.6665528141
33002,51123.458517453924
33003,456265.0527065833
33004,480032.97049391357
33005,213298.84763548465
33006,473313.0231750271
33007,475467.15185248305
33008,539994.9811650976
33009,92453.41543628977
33010,73555.47015277242
33011,547524.5319360729
33012,59706.42931152303
33013,498341.9287903943
33014,571182.1535576539
33015,476852.32062835264
33016,70743.69944015493
33017,452170.9217792508
33018,427631.90990323335
33019,418969.23531193304
33020,491072.76260588417
33021,78060.52267156787
33022,60848.20725948444
33023,568754.2551080029
33024,194179.05192136564
33025,491979.04485302046
33026,512247.9452279466
33027,56455.80021240519
33028,552175.6097389742
33029,571182.1535576539
33030,543841.0208493875
33031,526932.0966830105
33032,78945.85077811602
33033,573095.1730316436
33034,547524.5319360729
33035,64779.28523441488
33036,526730.4905575466
33037,571824.5455649394
33038,70325.15145795172
33039,456475.9569428083
33040,500555.12100113777
33041,571182.1535576539
33042,533738.0784092724
33043,529909.9403648245
33044,512247.9452279466
33045,487575.00234872295
33046,463927.1285592423
33047,560897.7429014475
33048,60848.20725948444
33049,49273.54277517831
33050,412667.4017848784
33051,571182.1535576539
33052,457708.4288120656
33053,49273.54277517831
33054,56627.327880307705
33055,63303.010998226004
33056,64011.61254025159
33057,539994.9811650976
33058,498984.3207976798
33059,545785.4169768337
33060,519887.08253402944
33061,171388.40645380228
33062,451822.88999370177
33063,56627.327880307705
33064,491979.04485302046
33065,63303.010998226004
33066,77749.21865846076
33067,56627.327880307705
33068,539427.167892357
33069,462370.9753570361
33070,447830.00385561003
33071,512247.9452279466
33072,149621.51587218547
33073,527743.5947405851
33074,49793.89033410835
33075,512247.9452279466
33076,513177.1350680264
33077,49273.54277517831
33078,293411.8587776695
33079,560897.7429014475
33080,451611.98575747677
33081,82721.68835324916
33082,80811.2257885688
33083,580951.6852381991
33084,409592.6830488727
33085,566688.1787131836
33086,547209.1013643675
33087,500555.12100113777
33088,545060.0418740252
33089,547851.493371653
33090,584870.7950947338
33091,547581.1090219168
33092,512247.9452279466
33093,416523.53460398415
33094,94275.4122778437
33095,441034.34196769213
33096,70023.26934527408
33097,512247.9452279466
33098,495524.0137186851
33099,78571.3178112408
33100,77628.43164185266
33101,81165.7832884727
33102,471957.9464754089
33103,77320.7773626745
33104,522184.37244109623
33105,68201.99236461378
33106,48269.52985557327
33107,250521.86263940012
33108,60848.20725948444
33109,480032.97049391357
33110,573095.1730316436
33111,229690.12369986047
33112,115155.55623235325
33113,463927.1285592423
33114,61388.76645185804
33115,512247.9452279466
33116,486162.483693718
33117,420881.24388774397
33118,72770.05366687353
33119,587659.7253499635
33120,590402.3224596666
33121,64726.51992968144
33122,451822.88999370177
33123,514734.6665528141
33124,529909.9403648245
33125,92325.23931634452
33126,139669.02917811417
33127,463927.1285592423
33128,49793.89033410835
33129,560897.7429014475
33130,506198.44099694956
33131,409592.6830488727
33132,76820.15782286001
33133,56627.327880307705
33134,583976.2142632782
33135,229953.71662231107
33136,451822.88999370177
33137,491979.04485302046
33138,100195.0396757616
33139,519887.08253402944
33140,560897.7429014475
33141,208840.84713392815
33142,491979.04485302046
33143,64726.51992968144
33144,420881.24388774397
33145,60848.20725948444
33146,511501.8718306407
33147,77749.21865846076
33148,521331.0761975858
33149,56627.327880307705
33150,183072.9174185018
33151,451963.2460829378
33152,64726.51992968144
33153,475467.15185248305
33154,473313.0231750271
33155,113062.10382795667
33156,514734.6665528141
33157,278571.2810867462
33158,60848.20725948444
33159,571310.0746983561
33160,521541.98043381074
33161,529909.9403648245
33162,588535.1923034907
33163,553006.0359434306
33164,64011.61254025159
33165,475467.15185248305
33166,63843.57019059962
33167,226141.6201351415
33168,63211.629995131065
33169,404742.2992404404
33170,469484.88513057923
33171,101348.40927158903
33172,59993.196424092224
33173,506840.83300423506
33174,579718.3791135184
33175,452170.9217792508
33176,451611.98575747677
33177,82616.14438232519
33178,73481.14300401145
33179,471783.6407657977
33180,565778.5473334233
33181,511501.8718306407
33182,92161.55151725518
33183,471089.86938979884
33184,467610.63964592764
33185,595411.272882344
33186,545143.0249695482
33187,571824.5455649394
33188,431460.0479476812
33189,568754.2551080029
33190,506198.44099694956
33191,405764.5450044248
33192,49273.54277517831
33193,596391.7045100462
33194,76367.48875660656
33195,525724.805949143
33196,51964.613818770726
33197,496655.42642770166
33198,222648.33320304356
33199,83993.27528353182
33200,512247.9452279466
33201,496365.0619111667
33202,539941.0248707812
33203,572219.7060781164
33204,506840.83300423506
33205,460027.4339858062
33206,545143.0249695482
33207,451822.88999370177
33208,543841.0208493875
33209,469273.98089435423
33210,451822.88999370177
33211,61150.417266439086
33212,469416.30194330064
33213,473313.0231750271
33214,191757.4510573565
33215,498341.9287903943
33216,473313.0231750271
33217,451822.88999370177
33218,63303.010998226004
33219,486704.0360882249
33220,555381.0441426283
33221,571438.2206890576
33222,512247.9452279466
33223,125187.09620264161
33224,63303.010998226004
33225,113060.88238533409
33226,506840.83300423506
33227,52096.62544297536
33228,48269.52985557327
33229,560897.7429014475
33230,460027.4339858062
33231,62058.45487734999
33232,511501.8718306407
33233,545143.0249695482
33234,566688.1787131836
33235,51123.458517453924
33236,67282.67906929797
33237,498984.3207976798
33238,451822.88999370177
33239,70973.7928791027
33240,584851.6812168054
33241,456475.9569428083
33242,70478.82245975228
33243,161418.30375932503
33244,418969.23531193304
33245,469273.98089435423
33246,451611.98575747677
33247,405975.4492406498
33248,464553.67731759173
33249,451611.98575747677
33250,469484.88513057923
33251,233112.3319472412
33252,56627.327880307705
33253,546626.5933807674
33254,215476.4745799495
33255,111758.92585669461
33256,160093.45290266318
33257,172976.40837177518
33258,80421.33905970141
33259,483239.78846849804
33260,405975.4492406498
33261,280841.7143920409
33262,516901.0121770535
33263,539528.5145090924
33264,456475.9569428083
33265,73975.66902904325
33266,412878.3060211034
33267,77993.97850445122
33268,473313.0231750271
33269,100269.24906707813
33270,557027.4542954119
33271,526236.0158641476
33272,495524.0137186851
33273,508813.98936877673
33274,573095.1730316436
33275,110076.54764045669
33276,165578.7386012284
33277,573095.1730316436
33278,160313.74623349847
33279,62797.984481063475
33280,584870.7950947338
33281,202322.96415297562
33282,51728.34651391989
33283,532084.5126642258
33284,60848.20725948444
33285,451611.98575747677
33286,508360.49675080844
33287,451822.88999370177
33288,77812.01830765323
33289,68201.99236461378
33290,553006.0359434306
33291,491979.04485302046
33292,571182.1535576539
33293,74714.01940676058
33294,469273.98089435423
33295,334534.3571557869
33296,473313.0231750271
33297,63303.010998226004
33298,63303.010998226004
33299,519887.08253402944
33300,84682.90836604375
33301,408448.5105854795
33302,571824.5455649394
33303,56627.327880307705
33304,61388.76645185804
33305,568754.2551080029
33306,75056.61111765279
33307,60848.20725948444
33308,557027.4542954119
33309,63303.010998226004
33310,108201.57390338121
33311,68864.87781836811
33312,573095.1730316436
33313,75136.6535238125
33314,463927.1285592423
33315,512247.9452279466
33316,134688.11666000864
33317,580951.6852381991
33318,173241.62069271464
33319,512247.9452279466
33320,529909.9403648245
33321,547524.5319360729
33322,79997.7749970906
33323,547164.5639346972
33324,55451.78729280016
33325,405975.4492406498
33326,94644.58552507349
33327,547524.5319360729
33328,49793.89033410835
33329,462370.9753570361
33330,560897.7429014475
33331,207075.3002109986
33332,451611.98575747677
33333,60848.20725948444
33334,485146.38432651246
33335,598258.8346662221
33336,482597.3964612126
33337,516901.0121770535
33338,469484.88513057923
33339,173030.7164564896
33340,68201.99236461378
33341,422863.6506348434
33342,450865.9123601708
33343,526519.5863213217
33344,486704.0360882249
33345,588535.1923034907
33346,498984.3207976798
33347,49273.54277517831
33348,528432.2841747621
33349,532084.5126642258
33350,450865.9123601708
33351,56627.327880307705
33352,439973.49164905463
33353,90483.32070888732
33354,220343.66967590706
33355,469484.88513057923
33356,405975.4492406498
33357,512992.264902915
33358,592727.3073012893
33359,56627.327880307705
33360,547524.5319360729
33361,411921.32838757243
33362,512247.9452279466
33363,405975.4492406498
33364,469273.98089435423
33365,60243.640661337005
33366,480032.97049391357
33367,487141.9618785602
33368,178196.2510387892
33369,516901.0121770535
33370,560897.7429014475
33371,429728.2249114924
33372,500583.93053649383
33373,71609.97293499467
33374,77533.75632485103
33375,512247.9452279466
33376,473313.0231750271
33377,63303.010998226004
33378,126646.20436035116
33379,462370.9753570361
33380,485461.61278153077
33381,73356.27351558022
33382,519887.08253402944
33383,579124.3697068403
33384,451611.98575747677
33385,472168.8507116339
33386,60243.640661337005
33387,527743.5947405851
33388,471957.9464754089
33389,422863.6506348434
33390,409944.82813999424
33391,74046.86941172821
33392,57738.77289997484
33393,113948.06488210907
33394,52127.471437058986
33395,590625.7190181736
33396,469273.98089435423
33397,65778.3306067108
33398,547581.1090219168
33399,70963.69079231388
33400,60848.20725948444
33401,522184.37244109623
33402,573095.1730316436
33403,56455.80021240519
33404,512247.9452279466
33405,486373.387929943
33406,78850.85736564045
33407,52640.17536391788
33408,545143.0249695482
33409,553600.0453501088
33410,59090.97036735439
33411,469273.98089435423
33412,573095.1730316436
33413,65467.86485328499
33414,560897.7429014475
33415,103240.29963734077
33416,547581.1090219168
33417,56627.327880307705
33418,451611.98575747677
33419,227392.47881097454
33420,500794.83477271884
33421,547851.493371653
33422,514734.6665528141
33423,444834.88079793163
33424,451076.8165963958
33425,523553.04993868305
33426,471957.9464754089
33427,451076.8165963958
33428,51123.458517453924
33429,475847.83607823204
33430,405975.4492406498
33431,60243.640661337005
33432,523514.0601347731
33433,518021.5225737501
33434,529909.9403648245
33435,52127.471437058986
33436,529909.9403648245
33437,506840.83300423506
33438,103596.4159166612
33439,265768.08697369427
33440,566688.1787131836
33441,486373.387929943
33442,513472.4452199048
33443,68137.98495883997
33444,512551.9646203341
33445,519887.08253402944
33446,451611.98575747677
33447,56627.327880307705
33448,464342.77308136673
33449,91860.09842442734
33450,482716.93607496825
33451,87643.64667355975
33452,512589.3849826907
33453,136254.8697412334
33454,213298.84763548465
33455,560710.9653820973
33456,539427.167892357
33457,553085.2411187346
33458,76691.08727225586
33459,498984.3207976798
33460,113060.88238533409
33461,512247.9452279466
33462,172680.67214780464
33463,483747.5574001714
33464,60784.1998537106
33465,512992.264902915
33466,539739.4187453174
33467,539941.0248707812
33468,82085.75043581986
33469,310478.7453164433
33470,131070.50788317597
33471,92221.94945426694
33472,141762.6443648451
33473,527743.5947405851
33474,571182.1535576539
33475,519887.08253402944
33476,208046.9865161519
33477,123314.88315521003
33478,68742.55155698738
33479,463927.1285592423
33480,64997.41388390867
33481,49273.54277517831
33482,67282.67906929797
33483,532084.5126642258
33484,500555.12100113777
33485,539739.4187453174
33486,56627.327880307705
33487,442657.4572301093
33488,128629.06846804386
33489,416523.53460398415
33490,521822.9175565476
33491,77115.01361804207
33492,553679.2505254127
33493,508813.98936877673
33494,66283.63369700203
33495,75967.2842254131
33496,566688.1787131836
33497,60848.20725948444
33498,513177.1350680264
33499,498341.9287903943
33500,68324.3186259945
33501,69862.15982677681
33502,491979.04485302046
33503,61642.02396763687
33504,217260.7612254913
33505,229690.12369986047
33506,527743.5947405851
33507,109578.91267553966
33508,85908.35001520003
33509,501206.1451107125
33510,498341.9287903943
33511,473313.0231750271
33512,573095.1730316436
33513,504238.6320878231
33514,188903.2401150948
33515,583976.2142632782
33516,495524.0137186851
33517,532084.5126642258
33518,480032.97049391357
33519,140321.3557831204
33520,451822.88999370177
33521,60848.20725948444
33522,476852.32062835264
33523,498341.9287903943
33524,114895.3809413593
33525,566688.1787131836
33526,151825.03038114661
33527,547888.8147136766
33528,506840.83300423506
33529,463927.1285592423
33530,71838.08356128709
33531,60848.20725948444
33532,56627.327880307705
33533,147227.0127374702
33534,506878.1543462585
33535,69169.13974994278
33536,522184.37244109623
33537,56631.42053585135
33538,58160.36018389169
33539,56242.30092039367
33540,433078.6740179401
33541,471957.9464754089
33542,79616.89334397494
33543,573095.1730316436
33544,197561.81324589415
33545,68201.99236461378
33546,547524.5319360729
33547,254615.5724606664
33548,105867.04272286833
33549,498341.9287903943
33550,584870.7950947338
33551,164588.8606807131
33552,185038.01589759055
33553,506878.1543462585
33554,48269.52985557327
33555,405975.4492406498
33556,549602.6479870657
33557,495524.0137186851
33558,56455.80021240519
33559,487785.9065849479
33560,527743.5947405851
33561,145393.0969606095
33562,480032.97049391357
33563,498341.9287903943
33564,64726.51992968144
33565,49273.54277517831
33566,486704.0360882249
33567,498984.3207976798
33568,512247.9452279466
33569,557911.9419400329
33570,514734.6665528141
33571,220975.87295834158
33572,402753.1348388918
33573,102524.33032323165
33574,565778.5473334233
33575,560897.7429014475
33576,238894.54645597975
33577,451611.98575747677
33578,512044.0078374938
33579,516901.0121770535
33580,469484.88513057923
33581,560086.2448438727
33582,61189.72559396027
33583,451611.98575747677
33584,516901.0121770535
33585,53743.41721580289
33586,121700.9700642209
33587,506840.83300423506
33588,512247.9452279466
33589,150745.12832188755
33590,419180.13954815804
33591,232198.26451900954
33592,539352.5891578121
33593,83251.31647680455
33594,498341.9287903943
33595,254200.2859799984
33596,203789.38424953833
33597,63963.516390697885
33598,451822.88999370177
33599,571182.1535576539
33600,468285.2128880143
33601,380783.5911083251
33602,573095.1730316436
33603,79618.08791220441
33604,68110.61136151884
33605,498984.3207976798
33606,564524.7205021909
33607,64809.15437593429
33608,519887.08253402944
33609,512247.9452279466
33610,543841.0208493875
33611,52652.88964337572
33612,532084.5126642258
33613,451611.98575747677
33614,62663.02147549741
33615,49273.54277517831
33616,545270.9461102502
33617,56627.327880307705
33618,229690.12369986047
33619,450865.9123601708
33620,516297.2339363733
33621,63384.178015250975
33622,545785.4169768337
33623,64403.73427137468
33624,51653.84427107978
33625,486162.483693718
33626,512551.9646203341
33627,532084.5126642258
33628,405764.5450044248
33629,539427.167892357
33630,298091.12406959914
33631,500555.12100113777
33632,477862.01858180756
33633,101054.327454128
33634,64726.51992968144
33635,451822.88999370177
33636,56627.327880307705
33637,512247.9452279466
33638,60848.20725948444
33639,469273.98089435423
33640,49273.54277517831
33641,58173.397007939064
33642,506840.83300423506
33643,62663.02147549741
33644,53151.855445375324
33645,500957.47716222116
33646,545143.0249695482
33647,490469.8721660026
33648,142269.27084342184
33649,68201.99236461378
33650,543841.0208493875
33651,72385.19697266757
33652,73660.26042561528
33653,498984.3207976798
33654,49793.89033410835
33655,60162.38536189067
33656,213087.94339925962
33657,405764.5450044248
33658,176755.99153862314
33659,56627.327880307705
33660,56627.327880307705
33661,464553.67731759173
33662,84156.31321611458
33663,72041.04004264147
33664,96070.3662996182
33665,409803.5872850977
33666,517647.0855743594
33667,56627.327880307705
33668,539528.5145090924
33669,519887.08253402944
33670,461624.90195973014
33671,539941.0248707812
33672,465299.7507148977
33673,588535.1923034907
33674,498984.3207976798
33675,58118.477815305094
33676,512247.9452279466
33677,461959.45864784665
33678,471783.6407657977
33679,483861.10853836144
33680,469273.98089435423
33681,488798.91422114626
33682,451611.98575747677
33683,232198.26451900954
33684,486704.0360882249
33685,149746.02206122494
33686,95036.76380754406
33687,448307.487648392
33688,111821.22581815124
33689,78804.91090816213
33690,56627.327880307705
33691,574581.4672007225
33692,405456.6338213348
33693,62663.02147549741
33694,89714.42055428137
33695,60848.20725948444
33696,106147.99616985107
33697,471957.9464754089
33698,109396.54097098603
33699,512247.9452279466
33700,53151.855445375324
33701,531136.2555988046
33702,64468.81948098906
33703,101055.51786010084
33704,529909.9403648245
33705,461624.90195973014
33706,512247.9452279466
33707,80539.51137347503
33708,569372.1442942383
33709,86391.49833701916
33710,450865.9123601708
33711,573095.1730316436
33712,68201.99236461378
33713,519887.08253402944
33714,62663.02147549741
33715,456265.0527065833
33716,519851.88778256805
33717,573095.1730316436
33718,469273.98089435423
33719,587659.7253499635
33720,68201.99236461378
33721,539528.5145090924
33722,512247.9452279466
33723,56927.63604211115
33724,425492.4211370294
33725,226744.8261029724
33726,547888.8147136766
33727,139872.38791866193
33728,553679.2505254127
33729,547524.5319360729
33730,462370.9753570361
33731,498341.9287903943
33732,460027.4339858062
33733,512247.9452279466
33734,572219.7060781164
33735,71802.48682552177
33736,267003.6303424465
33737,469273.98089435423
33738,107186.53586513022
33739,53105.67544261769
33740,516901.0121770535
33741,158472.87158485662
33742,180286.44273313705
33743,529909.9403648245
33744,545143.0249695482
33745,62663.02147549741
33746,553959.7398935306
33747,80421.33905970141
33748,138704.43157910678
33749,215091.8085565743
33750,490387.54717491026
33751,60649.16640158666
33752,512412.5165180488
33753,178196.2510387892
33754,473313.0231750271
33755,521541.98043381074
33756,50986.80410597692
33757,480912.14407037105
33758,405975.4492406498
33759,72368.0373283597
33760,69489.0925304364
33761,532084.5126642258
33762,513652.79605609097
33763,476601.4840909501
33764,74284.06337307538
33765,500555.12100113777
33766,498984.3207976798
33767,512247.9452279466
33768,56627.327880307705
33769,451611.98575747677
33770,456265.0527065833
33771,469273.98089435423
33772,573203.6925228029
33773,451611.98575747677
33774,529909.9403648245
33775,526730.4905575466
33776,450865.9123601708
33777,80605.50224560489
33778,68324.3186259945
33779,49273.54277517831
33780,512247.9452279466
33781,521541.98043381074
33782,532084.5126642258
33783,197176.87819315796
33784,456475.9569428083
33785,580951.6852381991
33786,469416.30194330064
33787,462370.9753570361
33788,491979.04485302046
33789,519887.08253402944
33790,111758.92585669461
33791,462370.9753570361
33792,418277.4463675159
33793,139669.02917811417
33794,67612.4254741682
33795,512247.9452279466
33796,519887.08253402944
33797,63193.55361159757
33798,512247.9452279466
33799,480032.97049391357
33800,471957.9464754089
33801,588535.1923034907
33802,451611.98575747677
33803,49793.89033410835
33804,78805.75917057971
33805,573095.1730316436
33806,208046.9865161519
33807,506840.83300423506
33808,473102.1189388021
33809,442657.4572301093
33810,521973.4682048713
33811,543841.0208493875
33812,138915.3358153318
33813,571182.1535576539
33814,56938.09343673121
33815,560897.7429014475
33816,573095.1730316436
33817,73481.14300401145
33818,521331.0761975858
33819,513472.4452199048
33820,108669.48908633394
33821,512247.9452279466
33822,560897.7429014475
33823,66917.80939244166
33824,103287.40053823302
33825,533454.8253770173
33826,418969.23531193304
33827,463927.1285592423
33828,498341.9287903943
33829,490176.64293868525
33830,517647.0855743594
33831,62663.02147549741
33832,277672.32339597825
33833,498341.9287903943
33834,512247.9452279466
33835,512247.9452279466
33836,60848.20725948444
33837,451822.88999370177
33838,60848.20725948444
33839,541805.4951401368
33840,48269.52985557327
33841,545143.0249695482
33842,61681.811226294805
33843,547888.8147136766
33844,547524.5319360729
33845,56455.80021240519
33846,68928.88522414195
33847,49273.54277517831
33848,78060.52267156787
33849,164588.8606807131
33850,72899.20519074757
33851,68054.2149360033
33852,489871.40068416786
33853,75044.51889462759
33854,420881.24388774397
33855,473102.1189388021
33856,571824.5455649394
33857,491979.04485302046
33858,451611.98575747677
33859,63303.010998226004
33860,539941.0248707812
33861,59657.772025724946
33862,553679.2505254127
33863,451822.88999370177
33864,49793.89033410835
33865,50806.57507876228
33866,573095.1730316436
33867,68201.99236461378
33868,568754.2551080029
33869,529909.9403648245
33870,78989.45098894328
33871,529909.9403648245
33872,143469.26056931948
33873,498984.3207976798
33874,451822.88999370177
33875,105557.77155255788
33876,416523.53460398415
33877,469273.98089435423
33878,86605.16256148354
33879,80193.8761922481
33880,519887.08253402944
33881,539941.0248707812
33882,519887.08253402944
33883,49793.89033410835
33884,498984.3207976798
33885,517336.3071427763
33886,447830.00385561003
33887,537928.9047702783
33888,78039.1885357903
33889,71814.7907686287
33890,462370.9753570361
33891,498341.9287903943
33892,499352.15176313295
33893,60848.20725948444
33894,501214.3247059725
33895,51326.92263769232
33896,324577.6638409992
33897,61189.72559396027
33898,491979.04485302046
33899,469484.88513057923
33900,472168.8507116339
33901,469484.88513057923
33902,441034.34196769213
33903,339500.2844199088
33904,419180.13954815804
33905,49793.89033410835
33906,82531.06274216942
33907,78068.13373922878
33908,62438.56347453469
33909,73481.14300401145
33910,469273.98089435423
33911,484618.93542636133
33912,62899.38580878757
33913,279363.67880351044
33914,161641.4172707695
33915,512247.9452279466
33916,416523.53460398415
33917,498259.6367330767
33918,513388.0393042512
33919,101194.74729851043
33920,48269.52985557327
33921,57281.608766091515
33922,460027.4339858062
33923,504144.81179087784
33924,469273.98089435423
33925,236853.49640041078
33926,166441.36300777388
33927,512247.9452279466
33928,94001.81425404249
33929,519980.74502305867
33930,519887.08253402944
33931,512247.9452279466
33932,571824.5455649394
33933,495386.29052282067
33934,551697.533055943
33935,62663.02147549741
33936,92012.57929997354
33937,55451.78729280016
33938,573095.1730316436
33939,53105.67544261769
33940,491979.04485302046
33941,470878.96515357384
33942,461976.1622851912
33943,420351.672648432
33944,592727.3073012893
33945,566688.1787131836
33946,125372.54583215242
33947,499352.15176313295
33948,78028.95845144826
33949,496655.42642770166
33950,538812.7161313501
33951,273640.397195398
33952,457497.5245758406
33953,81189.21690576794
33954,451611.98575747677
33955,512247.9452279466
33956,519887.08253402944
33957,105969.9633627317
33958,56627.327880307705
33959,469484.88513057923
33960,62899.38580878757
33961,175721.95462684546
33962,473102.1189388021
33963,377100.08002163976
33964,553679.2505254127
33965,451611.98575747677
33966,107472.80419237299
33967,67578.75660105448
33968,66379.98927952742
33969,547524.5319360729
33970,506840.83300423506
33971,560710.9653820973
33972,592727.3073012893
33973,56627.327880307705
33974,469484.88513057923
33975,585429.6097499506
33976,367723.5277585794
33977,495524.0137186851
33978,56298.544967789465
33979,117050.09874588063
33980,70196.31127314843
33981,462370.9753570361
33982,420351.672648432
33983,82254.7083248906
33984,232198.26451900954
33985,59407.18827529338
33986,516297.2339363733
33987,169906.73186693774
33988,65775.42268138
33989,64726.51992968144
33990,553679.2505254127
33991,70655.9859857201
33992,498984.3207976798
33993,529909.9403648245
33994,544851.5771851169
33995,77115.01361804207
33996,84078.3417678963
33997,92870.4356222328
33998,514734.6665528141
33999,584851.6812168054
34000,114862.0861580789
34001,86800.28286871921
34002,70963.69079231388
34003,440823.43773146713
34004,123275.82190257024
34005,555745.326920232
34006,63095.60923585199
34007,394908.54845800047
34008,67874.77526725373
34009,571310.0746983561
34010,68139.1625467017
34011,532084.5126642258
34012,469484.88513057923
34013,500555.12100113777
34014,63303.010998226004
34015,560897.7429014475
34016,573095.1730316436
34017,462370.9753570361
34018,543841.0208493875
34019,473313.0231750271
34020,498984.3207976798
34021,451822.88999370177
34022,58977.890091256544
34023,73356.27351558022
34024,544851.5771851169
34025,560897.7429014475
34026,532084.5126642258
34027,85214.6296550184
34028,538215.2075643487
34029,451822.88999370177
34030,68667.45697789222
34031,539994.9811650976
34032,588535.1923034907
34033,62663.02147549741
34034,451611.98575747677
34035,451076.8165963958
34036,521541.98043381074
34037,451076.8165963958
34038,72896.72293145198
34039,461334.2882001544
34040,456475.9569428083
34041,53151.855445375324
34042,69977.78797584052
34043,525598.3131704616
34044,532084.5126642258
34045,68324.3186259945
34046,69885.05508505364
34047,473102.1189388021
34048,477862.01858180756
34049,512247.9452279466
34050,405764.5450044248
34051,588535.1923034907
34052,535309.2567186746
34053,588535.1923034907
34054,63303.010998226004
34055,89382.21125438136
34056,151606.45540785594
34057,232198.26451900954
34058,62663.02147549741
34059,56627.327880307705
34060,471957.9464754089
34061,469273.98089435423
34062,571182.1535576539
34063,527743.5947405851
34064,535309.2567186746
34065,532593.9059458792
34066,49273.54277517831
34067,98638.68904390321
34068,512247.9452279466
34069,498984.3207976798
34070,514734.6665528141
34071,471783.6407657977
34072,498341.9287903943
34073,71054.30440147813
34074,473313.0231750271
34075,125436.8195091122
34076,545143.0249695482
34077,50986.80410597692
34078,278533.6202031322
34079,75807.23228219141
34080,224580.79444070414
34081,190423.2183724601
34082,451822.88999370177
34083,56181.199093455885
34084,529909.9403648245
34085,506840.83300423506
34086,568754.2551080029
34087,180213.42852492805
34088,539739.4187453174
34089,49273.54277517831
34090,514140.6571461359
34091,512247.9452279466
34092,480032.97049391357
34093,539994.9811650976
34094,588535.1923034907
34095,500794.83477271884
34096,113376.78839933389
34097,545143.0249695482
34098,482689.87684325763
34099,60848.20725948444
34100,451611.98575747677
34101,115372.89768423479
34102,476601.4840909501
34103,80740.3759295897
34104,54043.51777052961
34105,539352.5891578121
34106,145788.98750847965
34107,451822.88999370177
34108,56627.327880307705
34109,532084.5126642258
34110,60848.20725948444
34111,48789.87741450328
34112,420881.24388774397
34113,512247.9452279466
34114,500555.12100113777
34115,480032.97049391357
34116,465299.7507148977
34117,535789.4366261075
34118,463927.1285592423
34119,498341.9287903943
34120,74662.92595288299
34121,63007.02004833195
34122,512992.264902915
34123,512247.9452279466
34124,52346.58634769646
34125,519887.08253402944
34126,539994.9811650976
34127,451822.88999370177
34128,506840.83300423506
34129,63102.526050151166
34130,504238.6320878231
34131,482515.0855309141
34132,238717.76042229796
34133,105382.7467677632
34134,162019.82830272295
34135,61189.72559396027
34136,418969.23531193304
34137,457011.12610388926
34138,62294.819210640126
34139,194341.39602693767
34140,60848.20725948444
34141,558831.6665066282
34142,70437.51662813897
34143,124953.49596866354
34144,451611.98575747677
34145,98496.60696021312
34146,469484.88513057923
34147,519887.08253402944
34148,73401.6377296171
34149,142269.27084342184
34150,91850.24750414806
34151,85917.78643847998
34152,512247.9452279466
34153,73363.05949817701
34154,279363.67880351044
34155,151040.8486278124
34156,198811.81012277532
34157,447830.00385561003
34158,513480.3130702481
34159,527743.5947405851
34160,451822.88999370177
34161,486704.0360882249
34162,508813.98936877673
34163,64233.92153944226
34164,217049.85698926626
34165,65173.76400856338
34166,490592.8059056975
34167,207005.9423364164
34168,439973.49164905463
34169,76263.15041256134
34170,508813.98936877673
34171,545143.0249695482
34172,574581.4672007225
34173,418969.23531193304
34174,60784.1998537106
34175,469484.88513057923
34176,451822.88999370177
34177,547851.493371653
34178,469416.30194330064
34179,68684.52624167435
34180,451822.88999370177
34181,548223.5010292022
34182,68201.99236461378
34183,405764.5450044248
34184,63358.94979255044
34185,579718.3791135184
34186,68201.99236461378
34187,545270.9461102502
34188,84463.64662365103
34189,483861.10853836144
34190,568754.2551080029
34191,456265.0527065833
34192,547581.1090219168
34193,469484.88513057923
34194,56627.327880307705
34195,512247.9452279466
34196,522571.0481150841
34197,545270.9461102502
34198,451611.98575747677
34199,513388.0393042512
34200,469273.98089435423
34201,68742.55155698738
34202,461959.45864784665
34203,512247.9452279466
34204,409435.9549276237
34205,471783.6407657977
34206,469484.88513057923
34207,573095.1730316436
34208,49793.89033410835
34209,580951.6852381991
34210,229690.12369986047
34211,462370.9753570361
34212,402542.2306026668
34213,83514.23430517307
34214,451822.88999370177
34215,451611.98575747677
34216,537987.660739608
34217,512247.9452279466
34218,462370.9753570361
34219,472168.8507116339
34220,173241.62069271464
34221,424658.2634499667
34222,545270.9461102502
34223,506878.1543462585
34224,545270.9461102502
34225,506840.83300423506
34226,106988.80816822748
34227,539994.9811650976
34228,573095.1730316436
34229,212224.2111006793
34230,451076.8165963958
34231,560500.0611458723
34232,560897.7429014475
34233,488798.91422114626
34234,531514.9246240442
34235,498221.87302081037
34236,532593.9059458792
34237,92533.85974937525
34238,451822.88999370177
34239,135611.45328921868
34240,527151.8851247238
34241,584851.6812168054
34242,68201.99236461378
34243,560897.7429014475
34244,552417.0291925035
34245,175932.8588630705
34246,547209.1013643675
34247,451822.88999370177
34248,60848.20725948444
34249,451611.98575747677
34250,68324.3186259945
34251,486704.0360882249
34252,64726.51992968144
34253,512247.9452279466
34254,63303.010998226004
34255,408448.5105854795
34256,63303.010998226004
34257,532084.5126642258
34258,477351.7012691377
34259,451076.8165963958
34260,506878.1543462585
34261,539528.5145090924
34262,500794.83477271884
34263,519887.08253402944
34264,473102.1189388021
34265,52127.471437058986
34266,527743.5947405851
34267,500555.12100113777
34268,529909.9403648245
34269,512589.3849826907
34270,469273.98089435423
34271,506840.83300423506
34272,560086.2448438727
34273,53151.855445375324
34274,145593.7849223735
34275,508729.0054313635
34276,560897.7429014475
34277,566688.1787131836
34278,61678.03143730096
34279,571438.2206890576
34280,516901.0121770535
34281,61388.76645185804
34282,451611.98575747677
34283,57988.832515989176
34284,512247.9452279466
34285,416523.53460398415
34286,66823.0478225854
34287,138457.0492590423
34288,173030.7164564896
34289,68201.99236461378
34290,63963.516390697885
34291,512599.205553408
34292,525724.805949143
34293,117480.88557252423
34294,56743.04260124908
34295,51123.458517453924
34296,451428.07692185685
34297,544851.5771851169
34298,68054.2149360033
34299,76109.5930753495
34300,555381.0441426283
34301,451822.88999370177
34302,132423.384634214
34303,68201.99236461378
34304,471957.9464754089
34305,519887.08253402944
34306,136708.5634318665
34307,519887.08253402944
34308,54108.648009821336
34309,68201.99236461378
34310,512247.9452279466
34311,533738.0784092724
34312,121069.40926393699
34313,535195.4272194294
34314,89592.75780288289
34315,521541.98043381074
34316,498341.9287903943
34317,469484.88513057923
34318,416523.53460398415
34319,500555.12100113777
34320,49273.54277517831
34321,528605.0804205412
34322,472168.8507116339
34323,572219.7060781164
34324,61150.417266439086
34325,451822.88999370177
34326,60848.20725948444
34327,586750.0939702032
34328,451822.88999370177
34329,68742.55155698738
34330,473102.1189388021
34331,569372.1442942383
34332,512589.3849826907
34333,452170.9217792508
34334,293617.0567169185
34335,75295.95722002443
34336,584851.6812168054
34337,488756.73045126244
34338,68201.99236461378
34339,81485.41125287683
34340,547524.5319360729
34341,473102.1189388021
34342,56627.327880307705
34343,405975.4492406498
34344,488798.91422114626
34345,98235.50031850995
34346,523601.28311122634
34347,157520.50918805227
34348,64726.51992968144
34349,451822.88999370177
34350,191292.01181776662
34351,568754.2551080029
34352,58165.76953048297
34353,522571.0481150841
34354,117236.32276583606
34355,450865.9123601708
34356,60848.20725948444
34357,488798.91422114626
34358,521973.4682048713
34359,571824.5455649394
34360,56455.80021240519
34361,473313.0231750271
34362,491979.04485302046
34363,469273.98089435423
34364,70743.69944015493
34365,451822.88999370177
34366,65778.3306067108
34367,500075.20401615533
34368,106051.66685714947
34369,512247.9452279466
34370,111769.98061312333
34371,53441.6078447185
34372,52127.471437058986
34373,71284.25863252854
34374,461959.45864784665
34375,247297.4568484727
34376,488798.91422114626
34377,78650.97824806136
34378,49273.54277517831
34379,451611.98575747677
34380,62501.6766093304
34381,472168.8507116339
34382,545143.0249695482
34383,537928.9047702783
34384,480032.97049391357
34385,521331.0761975858
34386,60848.20725948444
34387,472168.8507116339
34388,60848.20725948444
34389,48269.52985557327
34390,539941.0248707812
34391,469484.88513057923
34392,467610.63964592764
34393,405975.4492406498
34394,83981.45573310116
34395,232198.26451900954
34396,72770.05366687353
34397,93186.10399669592
34398,128629.06846804386
34399,136254.8697412334
34400,65232.537881009455
34401,63963.516390697885
34402,74825.34951070539
34403,451611.98575747677
34404,519887.08253402944
34405,451076.8165963958
34406,548223.5010292022
34407,553085.2411187346
34408,109363.05582675448
34409,560710.9653820973
34410,491979.04485302046
34411,61388.76645185804
34412,471783.6407657977
34413,514734.6665528141
34414,439973.49164905463
34415,508219.9799620986
34416,68928.88522414195
34417,506840.83300423506
34418,145179.0404998745
34419,173030.7164564896
34420,512247.9452279466
34421,441706.7668748158
34422,451822.88999370177
34423,144124.57239230827
34424,500555.12100113777
34425,545270.9461102502
34426,63963.516390697885
34427,88784.1239669257
34428,451611.98575747677
34429,506840.83300423506
34430,500794.83477271884
34431,514734.6665528141
34432,463927.1285592423
34433,95138.05696063623
34434,544851.5771851169
34435,100601.66177590805
34436,482478.9726070326
34437,512247.9452279466
34438,533738.0784092724
34439,92870.4356222328
34440,278571.2810867462
34441,552175.6097389742
34442,50811.98442535357
34443,451822.88999370177
34444,571182.1535576539
34445,112109.34509194962
34446,511501.8718306407
34447,472258.17796933115
34448,539352.5891578121
34449,210373.528881654
34450,451822.88999370177
34451,117714.20807697732
34452,416523.53460398415
34453,134955.29974863646
34454,469484.88513057923
34455,573095.1730316436
34456,464342.77308136673
34457,82665.93572911248
34458,56627.327880307705
34459,526136.4811508685
34460,572219.7060781164
34461,49793.89033410835
34462,506198.44099694956
34463,405764.5450044248
34464,573095.1730316436
34465,59972.71289145081
34466,553679.2505254127
34467,49793.89033410835
34468,56627.327880307705
34469,544851.5771851169
34470,495524.0137186851
34471,83981.45573310116
34472,74936.80495618941
34473,565778.5473334233
34474,498984.3207976798
34475,483747.5574001714
34476,469273.98089435423
34477,555745.326920232
34478,92107.22406087765
34479,482597.3964612126
34480,512247.9452279466
34481,394908.54845800047
34482,471957.9464754089
34483,556816.550059187
34484,451465.8406341232
34485,207836.08227992686
34486,60848.20725948444
34487,465299.7507148977
34488,486482.8166540003
34489,56490.32735106053
34490,416523.53460398415
34491,555745.326920232
34492,512589.3849826907
34493,529909.9403648245
34494,462224.8302336825
34495,491979.04485302046
34496,498984.3207976798
34497,64809.15437593429
34498,58160.36018389169
34499,545143.0249695482
34500,158261.23170988838
34501,486704.0360882249
34502,462370.9753570361
34503,527234.0445199849
34504,433224.26673903555
34505,60848.20725948444
34506,563581.7084825021
34507,450865.9123601708
34508,77195.06250266217
34509,405764.5450044248
34510,547294.8053069984
34511,473102.1189388021
34512,545785.4169768337
34513,118846.7993950352
34514,55294.53204818438
34515,511501.8718306407
34516,500957.47716222116
34517,573095.1730316436
34518,51728.34651391989
34519,166042.1182016149
34520,58160.36018389169
34521,524978.7325518371
34522,68201.99236461378
34523,217837.15768923404
34524,506878.1543462585
34525,85210.62857286261
34526,132774.24511277062
34527,170174.70989304976
34528,451611.98575747677
34529,70669.66497810768
34530,405764.5450044248
34531,49793.89033410835
34532,512247.9452279466
34533,56455.80021240519
34534,108371.42132529548
34535,480032.97049391357
34536,52127.471437058986
34537,486373.387929943
34538,580951.6852381991
34539,512101.8001045934
34540,102524.33032323165
34541,456475.9569428083
34542,50764.69271017569
34543,67612.4254741682
34544,474736.9250720084
34545,539994.9811650976
34546,573095.1730316436
34547,506840.83300423506
34548,496365.0619111667
34549,475467.15185248305
34550,447830.00385561003
34551,79927.48377912397
34552,405975.4492406498
34553,574581.4672007225
34554,70510.00735075865
34555,98068.04986934086
34556,545143.0249695482
34557,462370.9753570361
34558,185525.83571800767
34559,367723.5277585794
34560,451822.88999370177
34561,568462.512914478
34562,560897.7429014475
34563,49273.54277517831
34564,547888.8147136766
34565,126982.04648979387
34566,56455.80021240519
34567,469273.98089435423
34568,114684.47670513426
34569,469416.30194330064
34570,451822.88999370177
34571,49793.89033410835
34572,539352.5891578121
34573,451611.98575747677
34574,469273.98089435423
34575,547164.5639346972
34576,539994.9811650976
34577,511853.1321561021
34578,545785.4169768337
34579,514734.6665528141
34580,68928.88522414195
34581,527743.5947405851
34582,569372.1442942383
34583,477562.6055053627
34584,64527.47907178366
34585,573095.1730316436
34586,472168.8507116339
34587,512247.9452279466
34588,451822.88999370177
34589,73356.27351558022
34590,122994.32620973462
34591,85917.78643847998
34592,67282.67906929797
34593,267467.52632103197
34594,498984.3207976798
34595,486704.0360882249
34596,500555.12100113777
34597,586750.0939702032
34598,86815.3459170629
34599,451822.88999370177
34600,84463.64662365103
34601,120632.41793195387
34602,498341.9287903943
34603,70250.30139179574
34604,508360.49675080844
34605,479044.20248757367
34606,450865.9123601708
34607,513177.1350680264
34608,451822.88999370177
34609,588535.1923034907
34610,548223.5010292022
34611,532084.5126642258
34612,76897.29724511821
34613,81742.59264066855
34614,447830.00385561003
34615,573095.1730316436
34616,450865.9123601708
34617,472100.2675243553
34618,122368.26906702359
34619,522184.37244109623
34620,498984.3207976798
34621,95706.69537220783
34622,82000.98015660286
34623,498984.3207976798
34624,473102.1189388021
34625,580193.4145950638
34626,126303.53982653598
34627,226141.6201351415
34628,486482.8166540003
34629,198375.59866206968
34630,469484.88513057923
34631,56627.327880307705
34632,535129.2050446648
34633,524250.4488359158
34634,68201.99236461378
34635,229690.12369986047
34636,121366.08622759386
34637,547851.493371653
34638,514734.6665528141
34639,491979.04485302046
34640,456475.9569428083
34641,145561.95515954902
34642,461334.2882001544
34643,512247.9452279466
34644,563968.0333583839
34645,419180.13954815804
34646,55451.78729280016
34647,529909.9403648245
34648,469484.88513057923
34649,529909.9403648245
34650,539352.5891578121
34651,451822.88999370177
34652,520445.8971892462
34653,56627.327880307705
34654,545270.9461102502
34655,74736.60106539978
34656,480912.14407037105
34657,532084.5126642258
34658,68201.99236461378
34659,560710.9653820973
34660,514215.07329848345
34661,91865.28182093124
34662,61388.76645185804
34663,568754.2551080029
34664,67282.67906929797
34665,521541.98043381074
34666,79581.56385526757
34667,451076.8165963958
34668,571182.1535576539
34669,66038.07112300614
34670,267259.87423138093
34671,573095.1730316436
34672,76199.1430067875
34673,81742.59264066855
34674,76218.36786934771
34675,124862.67939090187
34676,500583.93053649383
34677,527743.5947405851
34678,511501.8718306407
34679,512247.9452279466
34680,451611.98575747677
34681,523514.0601347731
34682,60848.20725948444
34683,491979.04485302046
34684,464437.0051096278
34685,208046.9865161519
34686,500957.47716222116
34687,145578.08327225462
34688,469484.88513057923
34689,514734.6665528141
34690,580951.6852381991
34691,477862.01858180756
34692,473313.0231750271
34693,447830.00385561003
34694,48789.87741450328
34695,464437.0051096278
34696,469273.98089435423
34697,137313.13003001394
34698,175932.8588630705
34699,569372.1442942383
34700,516901.0121770535
34701,486704.0360882249
34702,451822.88999370177
34703,50705.78918595187
34704,469484.88513057923
34705,573095.1730316436
34706,471783.6407657977
34707,49273.54277517831
34708,571824.5455649394
34709,473102.1189388021
34710,553679.2505254127
34711,539994.9811650976
34712,464553.67731759173
34713,130745.16591279319
34714,68201.99236461378
34715,60848.20725948444
34716,447830.00385561003
34717,457497.5245758406
34718,498341.9287903943
34719,60848.20725948444
34720,75015.92270598325
34721,418969.23531193304
34722,60848.20725948444
34723,527743.5947405851
34724,49273.54277517831
34725,405975.4492406498
34726,54804.12728233305
34727,93711.35060600443
34728,64584.22707226447
34729,211797.9958699335
34730,115270.28956870217
34731,588535.1923034907
34732,539739.4187453174
34733,51728.34651391989
34734,476852.32062835264
34735,76630.19154550898
34736,54479.97280096604
34737,473102.1189388021
34738,539994.9811650976
34739,94001.81425404249
34740,53151.855445375324
34741,512247.9452279466
34742,521331.0761975858
34743,451822.88999370177
34744,102859.58177841808
34745,69271.76833351966
34746,60848.20725948444
34747,54467.70385938868
34748,451611.98575747677
34749,84774.09413225228
34750,566688.1787131836
34751,76263.15041256134
34752,207836.08227992686
34753,451822.88999370177
34754,512247.9452279466
34755,233112.3319472412
34756,519887.08253402944
34757,545143.0249695482
34758,153220.27482678066
34759,56627.327880307705
34760,522184.37244109623
34761,506840.83300423506
34762,451822.88999370177
34763,465299.7507148977
34764,584851.6812168054
34765,517647.0855743594
34766,519887.08253402944
34767,49273.54277517831
34768,60848.20725948444
34769,467610.63964592764
34770,309912.8456254327
34771,58968.69997184573
34772,198164.69442584465
34773,539994.9811650976
34774,68742.55155698738
34775,566688.1787131836
34776,253689.35603184288
34777,413229.56634656445
34778,547581.1090219168
34779,440836.60021074157
34780,83814.36176254494
34781,477862.01858180756
34782,81914.45590764233
34783,98235.50031850995
34784,451822.88999370177
34785,522184.37244109623
34786,452170.9217792508
34787,271200.5896416296
34788,70196.31127314843
34789,49793.89033410835
34790,463927.1285592423
34791,49273.54277517831
34792,102696.55330694618
34793,418969.23531193304
34794,62663.02147549741
34795,68201.99236461378
34796,498984.3207976798
34797,81496.77600469199
34798,572219.7060781164
34799,512247.9452279466
34800,59407.18827529338
34801,571824.5455649394
34802,394908.54845800047
34803,52840.10975397477
34804,486162.483693718
34805,62663.02147549741
34806,59388.62982594479
34807,529909.9403648245
34808,128752.29874764582
34809,106654.7957527419
34810,68731.20914114606
34811,487575.00234872295
34812,498207.97929973976
34813,512247.9452279466
34814,49793.89033410835
34815,506198.44099694956
34816,481462.8732398271
34817,568754.2551080029
34818,60848.20725948444
34819,501896.58927609946
34820,284794.822641486
34821,68201.99236461378
34822,413549.8881507175
34823,451611.98575747677
34824,451822.88999370177
34825,518133.4840463105
34826,545143.0249695482
34827,464553.67731759173
34828,512247.9452279466
34829,48269.52985557327
34830,464437.0051096278
34831,486704.0360882249
34832,504238.6320878231
34833,213298.84763548465
34834,429728.2249114924
34835,553679.2505254127
34836,559390.4811618449
34837,408218.56130037655
34838,68201.99236461378
34839,153009.37059055563
34840,66308.862742811
34841,516901.0121770535
34842,491979.04485302046
34843,68998.85783286516
34844,469484.88513057923
34845,49793.89033410835
34846,512247.9452279466
34847,56627.327880307705
34848,76534.4789940712
34849,242901.10152080195
34850,524862.0603438731
34851,56531.20231357271
34852,573095.1730316436
34853,451076.8165963958
34854,90242.45620714825
34855,473313.0231750271
34856,84267.36441243532
34857,535789.4366261075
34858,65351.47219538644
34859,512247.9452279466
34860,588535.1923034907
34861,72581.59923501508
34862,457011.12610388926
34863,511501.8718306407
34864,512992.264902915
34865,49273.54277517831
34866,272289.5704758017
34867,412667.4017848784
34868,100713.12125398281
34869,573095.1730316436
34870,545060.0418740252
34871,444834.88079793163
34872,213087.94339925962
34873,485736.7432566943
34874,506198.44099694956
34875,512247.9452279466
34876,92003.9667374076
34877,188919.65942609968
34878,500555.12100113777
34879,486162.483693718
34880,121023.42169377868
34881,482386.4922249876
34882,63193.55361159757
34883,93181.73963533992
34884,420215.3385512646
34885,451611.98575747677
34886,175550.68708304546
34887,490387.54717491026
34888,53277.84190908073
34889,56627.327880307705
34890,519887.08253402944
34891,70596.94690269652
34892,545785.4169768337
34893,543841.0208493875
34894,451611.98575747677
34895,63336.081865697255
34896,516901.0121770535
34897,70138.37029241602
34898,527743.5947405851
34899,555745.326920232
34900,545143.0249695482
34901,456265.0527065833
34902,547888.8147136766
34903,551697.533055943
34904,491072.76260588417
34905,62359.9044202545
34906,480912.14407037105
34907,522571.0481150841
34908,68201.99236461378
34909,469273.98089435423
34910,512247.9452279466
34911,573095.1730316436
34912,99883.73566265448
34913,447830.00385561003
34914,500555.12100113777
34915,463927.1285592423
34916,118846.7993950352
34917,65778.3306067108
34918,59088.07599043703
34919,469273.98089435423
34920,451822.88999370177
34921,529909.9403648245
34922,512247.9452279466
34923,85671.13797389521
34924,60848.20725948444
34925,451611.98575747677
34926,527743.5947405851
34927,506840.83300423506
34928,145783.60709802195
34929,103596.4159166612
34930,451822.88999370177
34931,451963.2460829378
34932,56627.327880307705
34933,451822.88999370177
34934,558831.6665066282
34935,566688.1787131836
34936,62542.6101451671
34937,469484.88513057923
34938,498984.3207976798
34939,65778.3306067108
34940,539994.9811650976
34941,49273.54277517831
34942,178989.87369119743
34943,480912.14407037105
34944,473102.1189388021
34945,476660.81101463956
34946,584851.6812168054
34947,73481.14300401145
34948,488798.91422114626
34949,512247.9452279466
34950,545270.9461102502
34951,512138.2144751495
34952,96155.66513573637
34953,77766.00485622576
34954,63963.516390697885
34955,50114.698076495115
34956,451076.8165963958
34957,113060.88238533409
34958,450865.9123601708
34959,519887.08253402944
34960,450513.9694366647
34961,500794.83477271884
34962,512247.9452279466
34963,73481.14300401145
34964,451076.8165963958
34965,68201.99236461378
34966,529909.9403648245
34967,252348.9863339757
34968,440823.43773146713
34969,163769.366322001
34970,513388.0393042512
34971,469484.88513057923
34972,68201.99236461378
34973,560897.7429014475
34974,100487.87136643151
34975,519980.74502305867
34976,405975.4492406498
34977,512247.9452279466
34978,522571.0481150841
34979,533738.0784092724
34980,69151.33764826901
34981,73356.27351558022
34982,485146.38432651246
34983,519887.08253402944
34984,59715.83888127182
34985,63303.010998226004
34986,171086.67846376234
34987,486373.387929943
34988,506840.83300423506
34989,56455.80021240519
34990,548223.5010292022
34991,506840.83300423506
34992,114862.0861580789
34993,451822.88999370177
34994,560710.9653820973
34995,504238.6320878231
34996,49793.89033410835
34997,84142.34917367014
34998,469484.88513057923
34999,461959.45864784665
35000,451076.8165963958
35001,70553.22311234672
35002,87103.99703619523
35003,516901.0121770535
35004,71814.7907686287
35005,120300.00223778855
35006,491979.04485302046
35007,217476.07222001205
35008,64174.71863626746
35009,165918.34627513905
35010,558831.6665066282
35011,567618.6838891146
35012,56627.327880307705
35013,227392.47881097454
35014,547851.493371653
35015,574581.4672007225
35016,475847.83607823204
35017,450865.9123601708
35018,539739.4187453174
35019,394697.64422177547
35020,482515.0855309141
35021,519851.88778256805
35022,61678.03143730096
35023,571824.5455649394
35024,539941.0248707812
35025,52739.40429619783
35026,70552.93142809888
35027,60848.20725948444
35028,278060.23821301566
35029,49273.54277517831
35030,547524.5319360729
35031,539941.0248707812
35032,545785.4169768337
35033,405975.4492406498
35034,451076.8165963958
35035,122214.66945971633
35036,559390.4811618449
35037,451822.88999370177
35038,547209.1013643675
35039,448307.487648392
35040,71284.25863252854
35041,72899.20519074757
35042,500957.47716222116
35043,547164.5639346972
35044,422652.7463986184
35045,473313.0231750271
35046,457497.5245758406
35047,506878.1543462585
35048,105236.74206293149
35049,547524.5319360729
35050,87551.58378310781
35051,469273.98089435423
35052,53844.122673579834
35053,456265.0527065833
35054,49273.54277517831
35055,483861.10853836144
35056,467024.0423061426
35057,85407.19105045848
35058,532084.5126642258
35059,496365.0619111667
35060,450865.9123601708
35061,498984.3207976798
35062,63303.010998226004
35063,409803.5872850977
35064,191359.86599297976
35065,528221.379938537
35066,477862.01858180756
35067,87098.22004461123
35068,61388.76645185804
35069,49273.54277517831
35070,500794.83477271884
35071,463927.1285592423
35072,560897.7429014475
35073,558796.4717551668
35074,49273.54277517831
35075,53151.855445375324
35076,68201.99236461378
35077,89641.33024328244
35078,60848.20725948444
35079,462370.9753570361
35080,61189.72559396027
35081,451611.98575747677
35082,60848.20725948444
35083,64726.51992968144
35084,82909.66770702566
35085,65351.47219538644
35086,548506.0565412487
35087,583066.5828835178
35088,51123.458517453924
35089,469484.88513057923
35090,588535.1923034907
35091,573095.1730316436
35092,480032.97049391357
35093,102883.71626823163
35094,452170.9217792508
35095,553679.2505254127
35096,460027.4339858062
35097,452170.9217792508
35098,241784.89343008667
35099,469273.98089435423
35100,451611.98575747677
35101,473313.0231750271
35102,124331.44677254479
35103,96252.06826554658
35104,451611.98575747677
35105,52127.471437058986
35106,512247.9452279466
35107,598258.8346662221
35108,164444.05394464722
35109,71384.3344293163
35110,68201.99236461378
35111,56627.327880307705
35112,122368.26906702359
35113,125655.82497968676
35114,484457.9962975055
35115,506840.83300423506
35116,469273.98089435423
35117,512247.9452279466
35118,488786.571366056
35119,467610.63964592764
35120,180887.3341711534
35121,498341.9287903943
35122,405456.6338213348
35123,52127.471437058986
35124,530427.5603216396
35125,532084.5126642258
35126,506198.44099694956
35127,571824.5455649394
35128,469273.98089435423
35129,68201.99236461378
35130,240898.11155234172
35131,512095.1442943785
35132,498207.97929973976
35133,451611.98575747677
35134,140235.41788139375
35135,573095.1730316436
35136,544851.5771851169
35137,545060.0418740252
35138,494663.01043407514
35139,519887.08253402944
35140,59990.714164796635
35141,526730.4905575466
35142,573095.1730316436
35143,521541.98043381074
35144,62964.47101840194
35145,63303.010998226004
35146,508411.6332076932
35147,555381.0441426283
35148,518133.4840463105
35149,473102.1189388021
35150,60848.20725948444
35151,480032.97049391357
35152,552417.0291925035
35153,504333.3537480478
35154,51728.34651391989
35155,512247.9452279466
35156,472168.8507116339
35157,63303.010998226004
35158,574581.4672007225
35159,560710.9653820973
35160,76218.36786934771
35161,529909.9403648245
35162,477351.7012691377
35163,518743.5408502601
35164,49273.54277517831
35165,533738.0784092724
35166,70689.98171518037
35167,69616.26017224861
35168,511995.37557601236
35169,504238.6320878231
35170,213298.84763548465
35171,512247.9452279466
35172,380783.5911083251
35173,208046.9865161519
35174,473313.0231750271
35175,56627.327880307705
35176,49273.54277517831
35177,66467.29968364717
35178,62129.00616369504
35179,586750.0939702032
35180,476852.32062835264
35181,500555.12100113777
35182,403470.7444851369
35183,539941.0248707812
35184,548223.5010292022
35185,456265.0527065833
35186,170322.73871037542
35187,491979.04485302046
35188,451822.88999370177
35189,75277.16025777339
35190,512247.9452279466
35191,512781.36066669
35192,62663.02147549741
35193,527743.5947405851
35194,53151.855445375324
35195,561016.1694776376
35196,413018.66211033944
35197,469484.88513057923
35198,512247.9452279466
35199,533738.0784092724
35200,102884.97426530885
35201,486704.0360882249
35202,50811.98442535357
35203,571182.1535576539
35204,539352.5891578121
35205,532084.5126642258
35206,57054.06209653262
35207,48789.87741450328
35208,59365.7618990916
35209,102884.97426530885
35210,105557.77155255788
35211,73977.56898689558
35212,539352.5891578121
35213,526236.0158641476
35214,49273.54277517831
35215,105557.77155255788
35216,94001.81425404249
35217,512247.9452279466
35218,175403.0944662336
35219,491979.04485302046
35220,505796.28384953557
35221,469273.98089435423
35222,483239.78846849804
35223,473313.0231750271
35224,580951.6852381991
35225,69151.33764826901
35226,486493.1318519999
35227,547164.5639346972
35228,521973.4682048713
35229,63007.02004833195
35230,185289.81359216062
35231,527743.5947405851
35232,519887.08253402944
35233,183467.96793264244
35234,512247.9452279466
35235,68959.82803455589
35236,473102.1189388021
35237,89208.24468177422
35238,584851.6812168054
35239,408659.4148217045
35240,66869.71202566137
35241,482478.9726070326
35242,267003.6303424465
35243,162281.6765313045
35244,505796.28384953557
35245,232198.26451900954
35246,62663.02147549741
35247,498341.9287903943
35248,451465.8406341232
35249,51123.458517453924
35250,63358.94979255044
35251,77766.00485622576
35252,473313.0231750271
35253,539994.9811650976
35254,451611.98575747677
35255,49273.54277517831
35256,49793.89033410835
35257,469484.88513057923
35258,417531.3729702099
35259,180286.44273313705
35260,491979.04485302046
35261,49273.54277517831
35262,61900.34043649163
35263,541968.1375296392
35264,413229.56634656445
35265,584851.6812168054
35266,532084.5126642258
35267,405975.4492406498
35268,155904.24040783534
35269,527743.5947405851
35270,114895.3809413593
35271,451822.88999370177
35272,99883.73566265448
35273,464685.67305811914
35274,528921.1723584845
35275,48789.87741450328
35276,473102.1189388021
35277,217793.2612495344
35278,56627.327880307705
35279,532084.5126642258
35280,495524.0137186851
35281,114684.47670513426
35282,248085.9605784166
35283,555381.0441426283
35284,512992.264902915
35285,450865.9123601708
35286,515143.8336135429
35287,450865.9123601708
35288,116286.6824904521
35289,516901.0121770535
35290,480032.97049391357
35291,52652.88964337572
35292,529909.9403648245
35293,529909.9403648245
35294,545143.0249695482
35295,63203.580667871014
35296,62170.62426594672
35297,68111.91170966145
35298,451611.98575747677
35299,59715.83888127182
35300,556816.550059187
35301,49273.54277517831
35302,87831.91635297397
35303,61073.464839153516
35304,464642.79208594235
35305,63303.010998226004
35306,512247.9452279466
35307,456265.0527065833
35308,68002.951506716
35309,43352.00408082252
35310,469273.98089435423
35311,495524.0137186851
35312,69513.62130650907
35313,367934.4319948044
35314,451611.98575747677
35315,500555.12100113777
35316,506878.1543462585
35317,566688.1787131836
35318,63303.010998226004
35319,512247.9452279466
35320,88093.5744529417
35321,560897.7429014475
35322,545143.0249695482
35323,508360.49675080844
35324,498341.9287903943
35325,70710.70034660207
35326,539994.9811650976
35327,73036.87362916056
35328,471957.9464754089
35329,354255.8404956015
35330,473313.0231750271
35331,513388.0393042512
35332,473313.0231750271
35333,131214.71418334963
35334,545785.4169768337
35335,70596.94690269652
35336,468285.2128880143
35337,68201.99236461378
35338,67712.37335960125
35339,220343.66967590706
35340,519887.08253402944
35341,49273.54277517831
35342,440823.43773146713
35343,482716.93607496825
35344,394697.64422177547
35345,56455.80021240519
35346,451076.8165963958
35347,122043.85225528383
35348,487575.00234872295
35349,532084.5126642258
35350,573095.1730316436
35351,535309.2567186746
35352,113499.30922143708
35353,72481.79622654535
35354,469484.88513057923
35355,494040.07706954406
35356,167882.07003934318
35357,113710.21345766212
35358,114684.47670513426
35359,491072.76260588417
35360,539244.9440519185
35361,451611.98575747677
35362,90773.77782228492
35363,512992.264902915
35364,63193.55361159757
35365,66869.71202566137
35366,79615.5631774915
35367,48789.87741450328
35368,452422.81826765416
35369,405764.5450044248
35370,53151.855445375324
35371,75295.95722002443
35372,56627.327880307705
35373,498984.3207976798
35374,157965.51140396352
35375,62555.44411049772
35376,130534.26167656817
35377,512247.9452279466
35378,480032.97049391357
35379,51728.34651391989
35380,67112.86633736551
35381,70743.69944015493
35382,68002.951506716
35383,56455.80021240519
35384,476601.4840909501
35385,457011.12610388926
35386,554002.925270333
35387,409803.5872850977
35388,60848.20725948444
35389,52652.88964337572
35390,498984.3207976798
35391,545143.0249695482
35392,505615.93301334954
35393,529909.9403648245
35394,512247.9452279466
35395,84696.01986835356
35396,545785.4169768337
35397,88784.1239669257
35398,529909.9403648245
35399,519887.08253402944
35400,555381.0441426283
35401,450865.9123601708
35402,55451.78729280016
35403,545060.0418740252
35404,513966.4053499921
35405,58160.36018389169
35406,143469.26056931948
35407,512247.9452279466
35408,252179.14847005662
35409,63303.010998226004
35410,65616.98574054384
35411,469484.88513057923
35412,226141.6201351415
35413,447830.00385561003
35414,450865.9123601708
35415,532084.5126642258
35416,96252.06826554658
35417,543841.0208493875
35418,545785.4169768337
35419,51123.458517453924
35420,87643.64667355975
35421,85783.31803867935
35422,512247.9452279466
35423,533738.0784092724
35424,542212.4800901471
35425,592708.1934233608
35426,498984.3207976798
35427,573095.1730316436
35428,62501.6766093304
35429,530427.5603216396
35430,560500.0611458723
35431,56455.80021240519
35432,480032.97049391357
35433,77993.97850445122
35434,566688.1787131836
35435,212008.90010615854
35436,541622.7960714524
35437,584851.6812168054
35438,61050.59691230033
35439,66920.54847190103
35440,560897.7429014475
35441,524978.7325518371
35442,265255.6545821917
35443,85114.49630342882
35444,418969.23531193304
35445,60848.20725948444
35446,598258.8346662221
35447,65648.35735033915
35448,513177.1350680264
35449,156166.44263999228
35450,198879.98849019548
35451,288369.29138481774
35452,469484.88513057923
35453,473102.1189388021
35454,519887.08253402944
35455,78487.18942567107
35456,539994.9811650976
35457,456475.9569428083
35458,512247.9452279466
35459,126646.20436035116
35460,498207.97929973976
35461,532084.5126642258
35462,209289.15111614444
35463,506840.83300423506
35464,83280.23302132956
35465,208046.9865161519
35466,422652.7463986184
35467,248085.9605784166
35468,469484.88513057923
35469,56631.42053585135
35470,260985.0247443047
35471,473313.0231750271
35472,164761.9617996496
35473,451076.8165963958
35474,573095.1730316436
35475,409592.6830488727
35476,70705.16531985808
35477,472168.8507116339
35478,451076.8165963958
35479,527743.5947405851
35480,416523.53460398415
35481,469273.98089435423
35482,470878.96515357384
35483,451611.98575747677
35484,418329.75813567714
35485,58160.36018389169
35486,173241.62069271464
35487,60848.20725948444
35488,519887.08253402944
35489,512247.9452279466
35490,450865.9123601708
35491,488756.73045126244
35492,512247.9452279466
35493,69469.44441651556
35494,464474.76882189413
35495,521822.9175565476
35496,521541.98043381074
35497,547524.5319360729
35498,63843.57019059962
35499,532084.5126642258
35500,473102.1189388021
35501,476601.4840909501
35502,68058.77303338803
35503,117039.04398945191
35504,148085.6793041781
35505,563325.6413510984
35506,519887.08253402944
35507,63303.010998226004
35508,539528.5145090924
35509,451611.98575747677
35510,554228.4308533475
35511,48269.52985557327
35512,527743.5947405851
35513,532593.9059458792
35514,542423.3843263721
35515,500794.83477271884
35516,471957.9464754089
35517,157136.59248327074
35518,547888.8147136766
35519,51728.34651391989
35520,73228.38324287368
35521,566688.1787131836
35522,477862.01858180756
35523,527743.5947405851
35524,473313.0231750271
35525,59531.54761339959
35526,76897.29724511821
35527,598258.8346662221
35528,473313.0231750271
35529,464553.67731759173
35530,451822.88999370177
35531,544851.5771851169
35532,203338.41366052305
35533,48269.52985557327
35534,127017.29812116659
35535,528605.0804205412
35536,68323.55607640307
35537,529909.9403648245
35538,61189.72559396027
35539,75277.16025777339
35540,451611.98575747677
35541,426355.16674229933
35542,498207.97929973976
35543,451076.8165963958
35544,460027.4339858062
35545,512247.9452279466
35546,512247.9452279466
35547,63334.991301440125
35548,60848.20725948444
35549,61473.159525189454
35550,198637.4996703135
35551,547524.5319360729
35552,60848.20725948444
35553,573095.1730316436
35554,491979.04485302046
35555,495524.0137186851
35556,65778.3306067108
35557,472883.34841702343
35558,451611.98575747677
35559,86356.227634206
35560,76977.07775852438
35561,451822.88999370177
35562,108531.00906680991
35563,543841.0208493875
35564,49273.54277517831
35565,519887.08253402944
35566,469273.98089435423
35567,52127.471437058986
35568,476852.32062835264
35569,522571.0481150841
35570,225501.5135159349
35571,531514.9246240442
35572,212505.98181944605
35573,498341.9287903943
35574,541374.128122961
35575,64726.51992968144
35576,285015.48865283333
35577,474736.9250720084
35578,451611.98575747677
35579,543841.0208493875
35580,530427.5603216396
35581,181808.05324638414
35582,533738.0784092724
35583,198768.17425596673
35584,43352.00408082252
35585,469484.88513057923
35586,451076.8165963958
35587,473102.1189388021
35588,511501.8718306407
35589,555745.326920232
35590,508813.98936877673
35591,64726.51992968144
35592,405456.6338213348
35593,537928.9047702783
35594,568462.512914478
35595,573095.1730316436
35596,61295.77383834418
35597,217793.2612495344
35598,114684.47670513426
35599,60848.20725948444
35600,451611.98575747677
35601,82219.7587290623
35602,469273.98089435423
35603,498341.9287903943
35604,65024.616709544
35605,452170.9217792508
35606,514215.07329848345
35607,512589.3849826907
35608,572399.4093496158
35609,477862.01858180756
35610,465299.7507148977
35611,573095.1730316436
35612,544851.5771851169
35613,451428.07692185685
35614,506878.1543462585
35615,512247.9452279466
35616,103523.70562369033
35617,529909.9403648245
35618,132423.384634214
35619,232198.26451900954
35620,522289.1601438872
35621,63963.516390697885
35622,226141.6201351415
35623,513288.80345653504
35624,482689.87684325763
35625,87049.22607065126
35626,476601.4840909501
35627,61749.299165039665
35628,512247.9452279466
35629,512247.9452279466
35630,113376.78839933389
35631,451822.88999370177
35632,498010.96878458536
35633,467539.13949070836
35634,571182.1535576539
35635,506840.83300423506
35636,512247.9452279466
35637,500555.12100113777
35638,451076.8165963958
35639,494663.01043407514
35640,82745.96993954628
35641,149845.99346714607
35642,456265.0527065833
35643,450865.9123601708
35644,122368.26906702359
35645,56627.327880307705
35646,290420.5285584032
35647,571182.1535576539
35648,463927.1285592423
35649,452170.9217792508
35650,460093.19075103116
35651,514734.6665528141
35652,498341.9287903943
35653,504238.6320878231
35654,515657.54792821745
35655,69469.44441651556
35656,512247.9452279466
35657,107898.71337703461
35658,532084.5126642258
35659,451822.88999370177
35660,76395.83120476638
35661,451611.98575747677
35662,161418.30375932503
35663,456475.9569428083
35664,68742.55155698738
35665,419180.13954815804
35666,457011.12610388926
35667,469273.98089435423
35668,65314.137738694415
35669,539352.5891578121
35670,108896.77409471138
35671,48789.87741450328
35672,505615.93301334954
35673,545060.0418740252
35674,221242.7513004739
35675,545143.0249695482
35676,547581.1090219168
35677,469484.88513057923
35678,451076.8165963958
35679,66869.71202566137
35680,512247.9452279466
35681,547888.8147136766
35682,504333.3537480478
35683,538177.3430632553
35684,545143.0249695482
35685,203338.41366052305
35686,131269.26629931538
35687,512247.9452279466
35688,73906.77780419194
35689,64726.51992968144
35690,68928.88522414195
35691,477862.01858180756
35692,139132.16196317787
35693,560897.7429014475
35694,512247.9452279466
35695,136254.8697412334
35696,136786.87791124295
35697,60848.20725948444
35698,539739.4187453174
35699,464685.67305811914
35700,145788.98750847965
35701,451822.88999370177
35702,68686.30924403685
35703,73821.7079013573
35704,566688.1787131836
35705,63963.516390697885
35706,566688.1787131836
35707,63404.68889907876
35708,85728.62048571919
35709,527743.5947405851
35710,60848.20725948444
35711,513480.3130702481
35712,161207.3995231
35713,584870.7950947338
35714,539427.167892357
35715,560897.7429014475
35716,483239.78846849804
35717,613698.8539380692
35718,512247.9452279466
35719,557911.9419400329
35720,491979.04485302046
35721,51123.458517453924
35722,69681.24249159923
35723,451611.98575747677
35724,452211.91403142916
35725,560897.7429014475
35726,555225.7336659015
35727,529909.9403648245
35728,110944.55121099163
35729,462370.9753570361
35730,52127.471437058986
35731,51123.458517453924
35732,49793.89033410835
35733,539994.9811650976
35734,473102.1189388021
35735,95866.00624548928
35736,450865.9123601708
35737,512247.9452279466
35738,532593.9059458792
35739,505615.93301334954
35740,469484.88513057923
35741,78661.13827675446
35742,457509.23632963945
35743,574581.4672007225
35744,533738.0784092724
35745,472168.8507116339
35746,517785.4942509135
35747,545143.0249695482
35748,518133.4840463105
35749,212008.90010615854
35750,552417.0291925035
35751,63303.010998226004
35752,79795.32869637378
35753,584851.6812168054
35754,49802.56215915724
35755,92754.93384075654
35756,267940.27518412226
35757,505615.93301334954
35758,514734.6665528141
35759,68323.55607640307
35760,471550.9615253986
35761,357229.48694886814
35762,234775.76359272978
35763,469484.88513057923
35764,472100.2675243553
35765,56455.80021240519
35766,55547.052260899
35767,85221.76770544861
35768,89379.15990232748
35769,63963.516390697885
35770,170566.03562039786
35771,516901.0121770535
35772,80010.84076039642
35773,560710.9653820973
35774,255624.69520243144
35775,230521.93167590708
35776,60848.20725948444
35777,61073.464839153516
35778,63734.11280397118
35779,592708.1934233608
35780,473313.0231750271
35781,70385.87870976546
35782,558831.6665066282
35783,545785.4169768337
35784,544851.5771851169
35785,529909.9403648245
35786,61642.02396763687
35787,451611.98575747677
35788,76395.83120476638
35789,67729.549334461
35790,500555.12100113777
35791,554002.925270333
35792,469484.88513057923
35793,512247.9452279466
35794,527743.5947405851
35795,180542.99493636287
35796,62313.3137303964
35797,513388.0393042512
35798,456475.9569428083
35799,53743.41721580289
35800,250939.53621184474
35801,512247.9452279466
35802,71987.32501457946
35803,588535.1923034907
35804,547209.1013643675
35805,480032.97049391357
35806,500957.47716222116
35807,74736.60106539978
35808,456475.9569428083
35809,476601.4840909501
35810,79153.05950797226
35811,60848.20725948444
35812,82377.20266973577
35813,119739.51985262566
35814,512247.9452279466
35815,64726.51992968144
35816,512589.3849826907
35817,572219.7060781164
35818,63541.093960076425
35819,512247.9452279466
35820,63211.629995131065
35821,451822.88999370177
35822,561456.5575566642
35823,452170.9217792508
35824,491979.04485302046
35825,499352.15176313295
35826,90365.17226799631
35827,519980.74502305867
35828,94352.23348929748
35829,547851.493371653
35830,457708.4288120656
35831,482045.00233510986
35832,559390.4811618449
35833,67219.60020425817
35834,573095.1730316436
35835,451822.88999370177
35836,145783.60709802195
35837,49793.89033410835
35838,539994.9811650976
35839,532084.5126642258
35840,483028.88423227303
35841,143744.38979920722
35842,68928.88522414195
35843,500555.12100113777
35844,405975.4492406498
35845,72375.97765823617
35846,451611.98575747677
35847,506878.1543462585
35848,394908.54845800047
35849,68926.40296484633
35850,584851.6812168054
35851,495807.18289746833
35852,473313.0231750271
35853,217260.7612254913
35854,467750.04372693336
35855,512247.9452279466
35856,105452.62624718304
35857,592727.3073012893
35858,82080.81364977067
35859,519887.08253402944
35860,506840.83300423506
35861,461624.90195973014
35862,524157.528805638
35863,464342.77308136673
35864,56627.327880307705
35865,512247.9452279466
35866,505615.93301334954
35867,545060.0418740252
35868,533738.0784092724
35869,430540.30115798087
35870,477351.7012691377
35871,412132.23262379743
35872,566688.1787131836
35873,451822.88999370177
35874,294990.22504652303
35875,102696.55330694618
35876,568754.2551080029
35877,243656.8091633752
35878,490387.54717491026
35879,498341.9287903943
35880,512247.9452279466
35881,469273.98089435423
35882,90332.87081756367
35883,137313.13003001394
35884,478568.2251741015
35885,480912.14407037105
35886,82412.78379266328
35887,92136.20291080711
35888,573095.1730316436
35889,55732.64564782228
35890,480032.97049391357
35891,555745.326920232
35892,469484.88513057923
35893,498341.9287903943
35894,471783.6407657977
35895,482515.0855309141
35896,473313.0231750271
35897,90728.29482003687
35898,463927.1285592423
35899,467610.63964592764
35900,451822.88999370177
35901,473313.0231750271
35902,60649.16640158666
35903,487785.9065849479
35904,519887.08253402944
35905,511501.8718306407
35906,512247.9452279466
35907,532084.5126642258
35908,439986.21879826067
35909,61678.03143730096
35910,60848.20725948444
35911,143469.26056931948
35912,527743.5947405851
35913,75495.9282690843
35914,514140.6571461359
35915,126444.67372993102
35916,532593.9059458792
35917,513388.0393042512
35918,462370.9753570361
35919,473313.0231750271
35920,566688.1787131836
35921,191451.5911885951
35922,49273.54277517831
35923,208046.9865161519
35924,532084.5126642258
35925,87589.78526302487
35926,521541.98043381074
35927,512247.9452279466
35928,450865.9123601708
35929,223622.87516991646
35930,463927.1285592423
35931,48269.52985557327
35932,209867.7188269713
35933,60649.16640158666
35934,70684.98796508936
35935,123314.88315521003
35936,63619.57469240803
35937,72025.63591430114
35938,405764.5450044248
35939,554977.0657174101
35940,451822.88999370177
35941,545143.0249695482
35942,571310.0746983561
35943,500555.12100113777
35944,506198.44099694956
35945,61678.03143730096
35946,571310.0746983561
35947,450865.9123601708
35948,469484.88513057923
35949,564524.7205021909
35950,63303.010998226004
35951,545143.0249695482
35952,70743.69944015493
35953,53151.855445375324
35954,60848.20725948444
35955,509062.6573172681
35956,70023.26934527408
35957,62398.144495094755
35958,506198.44099694956
35959,539352.5891578121
35960,477862.01858180756
35961,539941.0248707812
35962,480032.97049391357
35963,53261.37881750386
35964,451822.88999370177
35965,469484.88513057923
35966,56627.327880307705
35967,543841.0208493875
35968,545143.0249695482
35969,506840.83300423506
35970,462370.9753570361
35971,50705.78918595187
35972,475467.15185248305
35973,68201.99236461378
35974,56627.327880307705
35975,512992.264902915
35976,60848.20725948444
35977,500794.83477271884
35978,533738.0784092724
35979,512247.9452279466
35980,420351.672648432
35981,69513.62130650907
35982,210184.24366179376
35983,505615.93301334954
35984,539941.0248707812
35985,111758.92585669461
35986,563968.0333583839
35987,51728.34651391989
35988,162289.3415474952
35989,90462.4738091778
35990,512247.9452279466
35991,66869.71202566137
35992,60848.20725948444
35993,173030.7164564896
35994,76263.15041256134
35995,54108.648009821336
35996,532084.5126642258
35997,64809.15437593429
35998,60848.20725948444
35999,464685.67305811914
36000,588535.1923034907
36001,462370.9753570361
36002,491979.04485302046
36003,55451.78729280016
36004,60431.49927330007
36005,468285.2128880143
36006,496365.0619111667
36007,99561.87013204885
36008,451822.88999370177
36009,541579.5553010087
36010,499352.15176313295
36011,506840.83300423506
36012,121918.0741691838
36013,512247.9452279466
36014,473102.1189388021
36015,314364.57609852264
36016,87643.64667355975
36017,573095.1730316436
36018,441034.34196769213
36019,98063.27733479542
36020,522184.37244109623
36021,560897.7429014475
36022,60848.20725948444
36023,49793.89033410835
36024,68201.99236461378
36025,532084.5126642258
36026,463927.1285592423
36027,68301.45069914132
36028,123884.53532989371
36029,409803.5872850977
36030,528815.9846567662
36031,490387.54717491026
36032,54711.416108859106
36033,537286.5127629928
36034,474736.9250720084
36035,75103.73912586014
36036,56510.91155955004
36037,498984.3207976798
36038,217793.2612495344
36039,532084.5126642258
36040,431460.0479476812
36041,80169.18716590325
36042,139669.02917811417
36043,103596.4159166612
36044,56627.327880307705
36045,114684.47670513426
36046,92650.00586340102
36047,56881.849389335446
36048,451611.98575747677
36049,552417.0291925035
36050,93822.58568652588
36051,529909.9403648245
36052,213505.27585060443
36053,518957.1915319788
36054,555381.0441426283
36055,367934.4319948044
36056,512247.9452279466
36057,69750.43982594716
36058,495524.0137186851
36059,119860.17595229861
36060,51123.458517453924
36061,560897.7429014475
36062,451963.2460829378
36063,60848.20725948444
36064,560897.7429014475
36065,73975.66902904325
36066,472168.8507116339
36067,220343.66967590706
36068,488798.91422114626
36069,451611.98575747677
36070,469484.88513057923
36071,531388.4318453628
36072,512247.9452279466
36073,547758.5733413753
36074,165578.7386012284
36075,535309.2567186746
36076,60848.20725948444
36077,512247.9452279466
36078,100713.12125398281
36079,451822.88999370177
36080,560500.0611458723
36081,573956.2967530303
36082,68201.99236461378
36083,486373.387929943
36084,217049.85698926626
36085,451611.98575747677
36086,90773.77782228492
36087,512247.9452279466
36088,70743.69944015493
36089,572219.7060781164
36090,77587.30117648865
36091,451822.88999370177
36092,67311.00135225776
36093,464437.0051096278
36094,153009.37059055563
36095,72719.85865345014
36096,518133.4840463105
36097,67173.20770736523
36098,521331.0761975858
36099,571182.1535576539
36100,48789.87741450328
36101,97287.94068904613
36102,584870.7950947338
36103,500957.47716222116
36104,512762.868856559
36105,48269.52985557327
36106,61473.159525189454
36107,70547.33871672695
36108,500794.83477271884
36109,451822.88999370177
36110,70743.69944015493
36111,160371.7634640312
36112,451822.88999370177
36113,516901.0121770535
36114,522571.0481150841
36115,545143.0249695482
36116,584851.6812168054
36117,68826.94463031879
36118,51728.34651391989
36119,272573.4439207768
36120,71270.46337327013
36121,462370.9753570361
36122,452170.9217792508
36123,76262.21016673383
36124,469484.88513057923
36125,503267.8961175485
36126,451611.98575747677
36127,214652.0104678292
36128,60493.38775972496
36129,566688.1787131836
36130,208840.84713392815
36131,97210.84359298412
36132,101405.65153473546
36133,568462.512914478
36134,60848.20725948444
36135,63504.85762470468
36136,518133.4840463105
36137,528432.2841747621
36138,543841.0208493875
36139,63303.010998226004
36140,471957.9464754089
36141,63303.010998226004
36142,61361.321502664105
36143,79159.81960639363
36144,539994.9811650976
36145,94012.8690104712
36146,82373.20158757997
36147,498984.3207976798
36148,60127.652113031
36149,490387.54717491026
36150,405764.5450044248
36151,469273.98089435423
36152,531388.4318453628
36153,539739.4187453174
36154,71261.92763314817
36155,527743.5947405851
36156,63644.52933270184
36157,539941.0248707812
36158,54643.00538037272
36159,72738.32589291784
36160,69398.23378154547
36161,512247.9452279466
36162,131480.1705355404
36163,52127.471437058986
36164,62663.02147549741
36165,129078.61315378765
36166,532084.5126642258
36167,68742.55155698738
36168,473102.1189388021
36169,84438.03103100932
36170,548223.5010292022
36171,512599.205553408
36172,471957.9464754089
36173,469484.88513057923
36174,84156.31321611458
36175,491979.04485302046
36176,506878.1543462585
36177,456265.0527065833
36178,514734.6665528141
36179,506198.44099694956
36180,573095.1730316436
36181,99883.73566265448
36182,62899.38580878757
36183,547294.8053069984
36184,85128.6629628889
36185,512247.9452279466
36186,405764.5450044248
36187,87338.23115347038
36188,506284.14493958035
36189,52127.471437058986
36190,483861.10853836144
36191,68684.52624167435
36192,70199.2296944388
36193,451076.8165963958
36194,571182.1535576539
36195,451822.88999370177
36196,452170.9217792508
36197,53151.855445375324
36198,359913.4525299228
36199,75254.92245615943
36200,411921.32838757243
36201,463927.1285592423
36202,517336.3071427763
36203,573095.1730316436
36204,70684.98796508936
36205,513177.1350680264
36206,529909.9403648245
36207,519887.08253402944
36208,168082.8113479995
36209,60243.640661337005
36210,533738.0784092724
36211,486704.0360882249
36212,521973.4682048713
36213,560897.7429014475
36214,184260.83898857044
36215,511501.8718306407
36216,71284.25863252854
36217,123314.88315521003
36218,441034.34196769213
36219,48789.87741450328
36220,62463.98061759963
36221,568754.2551080029
36222,225501.5135159349
36223,469273.98089435423
36224,430540.30115798087
36225,65467.86485328499
36226,75295.95722002443
36227,58330.342178378276
36228,76263.15041256134
36229,107781.56079382917
36230,487785.9065849479
36231,82566.09528118193
36232,473102.1189388021
36233,530427.5603216396
36234,451822.88999370177
36235,86211.12522493166
36236,74258.97798080555
36237,529909.9403648245
36238,529909.9403648245
36239,545143.0249695482
36240,488798.91422114626
36241,190802.6961127713
36242,472883.34841702343
36243,56881.849389335446
36244,545270.9461102502
36245,515015.15592093195
36246,191703.6286147695
36247,56627.327880307705
36248,49273.54277517831
36249,529909.9403648245
36250,49273.54277517831
36251,491979.04485302046
36252,68052.96412625934
36253,451076.8165963958
36254,59993.196424092224
36255,539427.167892357
36256,471957.9464754089
36257,60848.20725948444
36258,469484.88513057923
36259,587855.3806881917
36260,416523.53460398415
36261,508360.49675080844
36262,208840.84713392815
36263,508411.6332076932
36264,71838.08356128709
36265,506198.44099694956
36266,61388.76645185804
36267,460027.4339858062
36268,483747.5574001714
36269,77459.77144087531
36270,473102.1189388021
36271,188501.93254088092
36272,563581.7084825021
36273,117236.32276583606
36274,473102.1189388021
36275,51123.458517453924
36276,90354.29746720931
36277,123314.88315521003
36278,447830.00385561003
36279,49273.54277517831
36280,500555.12100113777
36281,512589.3849826907
36282,68684.52624167435
36283,416523.53460398415
36284,539941.0248707812
36285,498984.3207976798
36286,543777.7794145092
36287,512247.9452279466
36288,140743.55093643416
36289,76263.15041256134
36290,60848.20725948444
36291,56627.327880307705
36292,451076.8165963958
36293,71321.95309319727
36294,419180.13954815804
36295,532593.9059458792
36296,64339.00422104518
36297,520445.8971892462
36298,211805.6530758757
36299,463927.1285592423
36300,512247.9452279466
36301,226097.026931345
36302,495524.0137186851
36303,65692.53089550106
36304,573095.1730316436
36305,529909.9403648245
36306,153871.31480113507
36307,522289.1601438872
36308,63303.010998226004
36309,92061.1517403731
36310,463927.1285592423
36311,525598.3131704616
36312,545143.0249695482
36313,58160.36018389169
36314,512247.9452279466
36315,82083.84455978344
36316,533454.8253770173
36317,93304.54438852819
36318,79795.32869637378
36319,68864.87781836811
36320,539352.5891578121
36321,512247.9452279466
36322,521541.98043381074
36323,269687.5959235012
36324,522571.0481150841
36325,451076.8165963958
36326,451611.98575747677
36327,74131.62614774748
36328,405764.5450044248
36329,552769.6191456524
36330,543841.0208493875
36331,560897.7429014475
36332,506878.1543462585
36333,91264.10775740711
36334,473102.1189388021
36335,512247.9452279466
36336,156642.1311241352
36337,441088.3865213152
36338,471783.6407657977
36339,563325.6413510984
36340,519887.08253402944
36341,547294.8053069984
36342,529909.9403648245
36343,504238.6320878231
36344,50811.98442535357
36345,56627.327880307705
36346,67698.80709049606
36347,476852.32062835264
36348,486162.483693718
36349,212008.90010615854
36350,529909.9403648245
36351,63843.57019059962
36352,75295.95722002443
36353,451822.88999370177
36354,500794.83477271884
36355,543841.0208493875
36356,504238.6320878231
36357,64174.71863626746
36358,469484.88513057923
36359,115617.90665422841
36360,469484.88513057923
36361,83696.41920175494
36362,74815.377329496
36363,144049.14604223694
36364,487785.9065849479
36365,543841.0208493875
36366,75796.4036741454
36367,48269.52985557327
36368,519887.08253402944
36369,526519.5863213217
36370,506878.1543462585
36371,468256.51417539996
36372,60848.20725948444
36373,74500.81830667664
36374,547888.8147136766
36375,491979.04485302046
36376,63303.010998226004
36377,62899.3920590558
36378,165366.59789696752
36379,68505.56965041929
36380,476852.32062835264
36381,532593.9059458792
36382,545143.0249695482
36383,563581.7084825021
36384,253567.30895651662
36385,498341.9287903943
36386,475467.15185248305
36387,411921.32838757243
36388,498341.9287903943
36389,521541.98043381074
36390,451611.98575747677
36391,85671.13797389521
36392,498984.3207976798
36393,161418.30375932503
36394,491979.04485302046
36395,124331.44677254479
36396,267003.6303424465
36397,555745.326920232
36398,72452.209961731
36399,560897.7429014475
36400,485212.9448330394
36401,56627.327880307705
36402,529909.9403648245
36403,560500.0611458723
36404,539739.4187453174
36405,66948.7741682717
36406,566688.1787131836
36407,588535.1923034907
36408,558796.1546183318
36409,70478.82245975228
36410,418969.23531193304
36411,539941.0248707812
36412,68201.99236461378
36413,64019.897245960135
36414,535578.5323898826
36415,68742.55155698738
36416,64726.51992968144
36417,498984.3207976798
36418,461624.90195973014
36419,519980.74502305867
36420,498341.9287903943
36421,68201.99236461378
36422,121454.04356966591
36423,61977.79597065598
36424,511853.1321561021
36425,512247.9452279466
36426,56117.94158228746
36427,512247.9452279466
36428,521973.4682048713
36429,456265.0527065833
36430,512247.9452279466
36431,451076.8165963958
36432,512247.9452279466
36433,508411.6332076932
36434,430540.30115798087
36435,543777.7794145092
36436,475101.76268092607
36437,539941.0248707812
36438,77437.85643749182
36439,474170.7517063782
36440,500555.12100113777
36441,560897.7429014475
36442,488798.91422114626
36443,181880.9438481539
36444,62663.02147549741
36445,62501.6766093304
36446,267003.6303424465
36447,60848.20725948444
36448,539528.5145090924
36449,495807.18289746833
36450,471957.9464754089
36451,138690.48410209198
36452,451822.88999370177
36453,528432.2841747621
36454,532084.5126642258
36455,539941.0248707812
36456,471783.6407657977
36457,451822.88999370177
36458,288369.29138481774
36459,51510.5415706292
36460,113165.88416310886
36461,85671.13797389521
36462,417531.3729702099
36463,529909.9403648245
36464,456475.9569428083
36465,526730.4905575466
36466,92372.45575348022
36467,469484.88513057923
36468,53151.855445375324
36469,506198.44099694956
36470,527743.5947405851
36471,402542.2306026668
36472,545785.4169768337
36473,471783.6407657977
36474,60848.20725948444
36475,65648.35735033915
36476,480032.97049391357
36477,198740.67158822683
36478,512247.9452279466
36479,451822.88999370177
36480,469416.30194330064
36481,70052.48473693283
36482,227455.8030238055
36483,451611.98575747677
36484,571824.5455649394
36485,409803.5872850977
36486,87938.14819834539
36487,468496.11712423933
36488,555745.326920232
36489,457222.03034011426
36490,469273.98089435423
36491,512247.9452279466
36492,476601.4840909501
36493,539352.5891578121
36494,539941.0248707812
36495,521541.98043381074
36496,526730.4905575466
36497,519887.08253402944
36498,405764.5450044248
36499,462370.9753570361
36500,451611.98575747677
36501,60661.78494532998
36502,543841.0208493875
36503,471089.86938979884
36504,547209.1013643675
36505,560897.7429014475
36506,456265.0527065833
36507,73481.14300401145
36508,506198.44099694956
36509,51728.34651391989
36510,456475.9569428083
36511,173030.7164564896
36512,136183.6785730763
36513,451822.88999370177
36514,462370.9753570361
36515,482689.87684325763
36516,547581.1090219168
36517,405975.4492406498
36518,309793.92416893045
36519,116420.8519314636
36520,49793.89033410835
36521,61073.464839153516
36522,512247.9452279466
36523,84818.51208279833
36524,512247.9452279466
36525,451676.7448703482
36526,553679.2505254127
36527,52519.83640956088
36528,63303.010998226004
36529,469484.88513057923
36530,498341.9287903943
36531,512247.9452279466
36532,513652.79605609097
36533,405975.4492406498
36534,512044.0078374938
36535,452174.1503191628
36536,451822.88999370177
36537,173602.82400313186
36538,483861.10853836144
36539,456475.9569428083
36540,512247.9452279466
36541,512247.9452279466
36542,68928.88522414195
36543,221319.50945917287
36544,53743.41721580289
36545,547888.8147136766
36546,498984.3207976798
36547,100713.12125398281
36548,56627.327880307705
36549,439986.21879826067
36550,457708.4288120656
36551,405975.4492406498
36552,506878.1543462585
36553,63303.010998226004
36554,94868.11919195547
36555,135345.06303523525
36556,498984.3207976798
36557,69553.83748984696
36558,440823.43773146713
36559,477351.7012691377
36560,473313.0231750271
36561,547209.1013643675
36562,405764.5450044248
36563,473102.1189388021
36564,546626.5933807674
36565,527743.5947405851
36566,583066.5828835178
36567,65648.35735033915
36568,279363.67880351044
36569,498341.9287903943
36570,470132.89175626787
36571,499352.15176313295
36572,506878.1543462585
36573,56627.327880307705
36574,60848.20725948444
36575,86826.25501865095
36576,92136.20291080711
36577,210184.24366179376
36578,101194.74729851043
36579,527743.5947405851
36580,498341.9287903943
36581,491979.04485302046
36582,469273.98089435423
36583,532084.5126642258
36584,48789.87741450328
36585,560897.7429014475
36586,451822.88999370177
36587,519887.08253402944
36588,511501.8718306407
36589,199280.74928082046
36590,68201.99236461378
36591,63303.010998226004
36592,519887.08253402944
36593,306543.55064077507
36594,451076.8165963958
36595,571182.1535576539
36596,78948.8692661835
36597,451822.88999370177
36598,573095.1730316436
36599,77454.70084311864
36600,59993.196424092224
36601,451076.8165963958
36602,505615.93301334954
36603,535309.2567186746
36604,469484.88513057923
36605,69553.83748984696
36606,60848.20725948444
36607,51728.34651391989
36608,560897.7429014475
36609,60848.20725948444
36610,409592.6830488727
36611,314364.57609852264
36612,68201.99236461378
36613,418969.23531193304
36614,571182.1535576539
36615,480912.14407037105
36616,68826.94463031879
36617,412132.23262379743
36618,61070.07804966908
36619,412667.4017848784
36620,573095.1730316436
36621,512589.3849826907
36622,103095.87850153388
36623,53219.49644891726
36624,267003.6303424465
36625,462370.9753570361
36626,473313.0231750271
36627,547209.1013643675
36628,73356.27351558022
36629,557027.4542954119
36630,60848.20725948444
36631,451611.98575747677
36632,68201.99236461378
36633,63193.55361159757
36634,75641.59074875449
36635,52614.23503941558
36636,513177.1350680264
36637,72504.79593119335
36638,560897.7429014475
36639,79514.45660714842
36640,539352.5891578121
36641,68928.88522414195
36642,523553.04993868305
36643,49793.89033410835
36644,555745.326920232
36645,278533.6202031322
36646,588535.1923034907
36647,72641.2109657007
36648,532084.5126642258
36649,457497.5245758406
36650,506198.44099694956
36651,157641.32556958162
36652,93266.79561316525
36653,574465.4857444351
36654,512247.9452279466
36655,164588.8606807131
36656,506198.44099694956
36657,451822.88999370177
36658,526519.5863213217
36659,498341.9287903943
36660,512247.9452279466
36661,98068.04986934086
36662,506840.83300423506
36663,229690.12369986047
36664,514734.6665528141
36665,49793.89033410835
36666,412132.23262379743
36667,67847.0347292588
36668,491979.04485302046
36669,73301.30467815632
36670,122214.66945971633
36671,231890.7972213704
36672,476601.4840909501
36673,482689.87684325763
36674,132423.384634214
36675,49273.54277517831
36676,545143.0249695482
36677,418969.23531193304
36678,416523.53460398415
36679,60848.20725948444
36680,532084.5126642258
36681,451611.98575747677
36682,65805.58144375106
36683,500794.83477271884
36684,498984.3207976798
36685,73481.14300401145
36686,500794.83477271884
36687,475467.15185248305
36688,512138.2144751495
36689,462370.9753570361
36690,451822.88999370177
36691,545143.0249695482
36692,462370.9753570361
36693,123314.88315521003
36694,461959.45864784665
36695,69860.8013757624
36696,73658.3931414711
36697,49273.54277517831
36698,483028.88423227303
36699,469484.88513057923
36700,451611.98575747677
36701,508360.49675080844
36702,506840.83300423506
36703,519887.08253402944
36704,590625.7190181736
36705,584851.6812168054
36706,453142.89299121517
36707,547888.8147136766
36708,69513.62130650907
36709,469273.98089435423
36710,532084.5126642258
36711,75641.70351127355
36712,499352.15176313295
36713,471783.6407657977
36714,572219.7060781164
36715,72899.20519074757
36716,61678.03143730096
36717,463927.1285592423
36718,64894.474708386784
36719,72787.2792712475
36720,524704.4973298121
36721,53151.855445375324
36722,73481.14300401145
36723,53151.855445375324
36724,471783.6407657977
36725,68201.99236461378
36726,81682.49445743921
36727,452170.9217792508
36728,532084.5126642258
36729,462370.9753570361
36730,462370.9753570361
36731,215091.8085565743
36732,422863.6506348434
36733,480032.97049391357
36734,521541.98043381074
36735,479285.4496720048
36736,49273.54277517831
36737,500957.47716222116
36738,240460.22528328135
36739,477351.7012691377
36740,469273.98089435423
36741,566688.1787131836
36742,529909.9403648245
36743,451611.98575747677
36744,86392.71364216109
36745,119497.07445031343
36746,49273.54277517831
36747,512247.9452279466
36748,498984.3207976798
36749,69469.44441651556
36750,568754.2551080029
36751,134335.556118519
36752,568754.2551080029
36753,522184.37244109623
36754,476601.4840909501
36755,451076.8165963958
36756,462370.9753570361
36757,469273.98089435423
36758,506198.44099694956
36759,512247.9452279466
36760,76716.21076452706
36761,572219.7060781164
36762,469273.98089435423
36763,72899.20519074757
36764,143016.7075791114
36765,451611.98575747677
36766,477116.5514877038
36767,65778.3306067108
36768,447830.00385561003
36769,462370.9753570361
36770,97210.84359298412
36771,92265.55779891688
36772,545143.0249695482
36773,469273.98089435423
36774,529909.9403648245
36775,63304.36654933391
36776,529909.9403648245
36777,451822.88999370177
36778,65267.079122055045
36779,498984.3207976798
36780,511501.8718306407
36781,117236.32276583606
36782,60848.20725948444
36783,494663.01043407514
36784,504238.6320878231
36785,60848.20725948444
36786,498984.3207976798
36787,85770.75925782823
36788,529909.9403648245
36789,68201.99236461378
36790,422863.6506348434
36791,560897.7429014475
36792,243656.8091633752
36793,199430.9130406984
36794,51728.34651391989
36795,519851.88778256805
36796,92372.45575348022
36797,547524.5319360729
36798,512247.9452279466
36799,100713.12125398281
36800,186505.5590648061
36801,584851.6812168054
36802,532084.5126642258
36803,153009.37059055563
36804,65778.3306067108
36805,60848.20725948444
36806,568754.2551080029
36807,490387.54717491026
36808,60848.20725948444
36809,408659.4148217045
36810,473102.1189388021
36811,464342.77308136673
36812,521541.98043381074
36813,69750.43982594716
36814,253250.4929387605
36815,170322.73871037542
36816,53151.855445375324
36817,441034.34196769213
36818,115851.02614524665
36819,590402.3224596666
36820,56627.327880307705
36821,69271.76833351966
36822,139669.02917811417
36823,402790.89855115814
36824,451822.88999370177
36825,521541.98043381074
36826,515015.15592093195
36827,88595.39844115831
36828,70553.22311234672
36829,506198.44099694956
36830,469484.88513057923
36831,533738.0784092724
36832,560897.7429014475
36833,60848.20725948444
36834,74051.3492737326
36835,63404.68889907876
36836,451822.88999370177
36837,544851.5771851169
36838,108375.99663429118
36839,89430.42600705741
36840,512247.9452279466
36841,471957.9464754089
36842,566688.1787131836
36843,92453.41543628977
36844,521541.98043381074
36845,51728.34651391989
36846,483861.10853836144
36847,514734.6665528141
36848,521331.0761975858
36849,111059.63104181382
36850,451822.88999370177
36851,521541.98043381074
36852,136496.19997684506
36853,539994.9811650976
36854,281281.26001233584
36855,63303.010998226004
36856,383001.4828443393
36857,85208.34065338863
36858,543841.0208493875
36859,49273.54277517831
36860,530427.5603216396
36861,514734.6665528141
36862,512247.9452279466
36863,231452.1911217036
36864,513599.23452675034
36865,63193.55361159757
36866,451611.98575747677
36867,70553.22311234672
36868,419180.13954815804
36869,531514.9246240442
36870,498341.9287903943
36871,63358.94979255044
36872,512247.9452279466
36873,63303.010998226004
36874,477862.01858180756
36875,526236.0158641476
36876,512247.9452279466
36877,539941.0248707812
36878,419180.13954815804
36879,60848.20725948444
36880,508411.6332076932
36881,111997.97324604636
36882,553006.0359434306
36883,405764.5450044248
36884,500957.47716222116
36885,468285.2128880143
36886,511501.8718306407
36887,114684.47670513426
36888,474947.8293082334
36889,498984.3207976798
36890,63007.02004833195
36891,134298.99767115837
36892,514215.07329848345
36893,451611.98575747677
36894,73481.14300401145
36895,486162.483693718
36896,482689.87684325763
36897,539941.0248707812
36898,471957.9464754089
36899,469484.88513057923
36900,63927.963263931015
36901,516364.8937662467
36902,74296.61044255833
36903,409803.5872850977
36904,63203.580667871014
36905,539941.0248707812
36906,435878.3800842107
36907,498341.9287903943
36908,473102.1189388021
36909,522571.0481150841
36910,456265.0527065833
36911,525598.3131704616
36912,60848.20725948444
36913,451611.98575747677
36914,60848.20725948444
36915,360124.35676614783
36916,568462.512914478
36917,48269.52985557327
36918,500555.12100113777
36919,545143.0249695482
36920,530768.8512267383
36921,474736.9250720084
36922,519887.08253402944
36923,451611.98575747677
36924,471783.6407657977
36925,476852.32062835264
36926,522184.37244109623
36927,189613.41560240777
36928,463927.1285592423
36929,506198.44099694956
36930,543841.0208493875
36931,568754.2551080029
36932,592727.3073012893
36933,473102.1189388021
36934,453883.802486383
36935,59993.196424092224
36936,501896.58927609946
36937,492368.3554723642
36938,513177.1350680264
36939,60848.20725948444
36940,60848.20725948444
36941,66588.11045133715
36942,499352.15176313295
36943,584851.6812168054
36944,216215.12155034536
36945,584851.6812168054
36946,512247.9452279466
36947,487785.9065849479
36948,512247.9452279466
36949,515657.54792821745
36950,137870.56082425674
36951,71183.83308353485
36952,88784.1239669257
36953,109504.59680311078
36954,545143.0249695482
36955,464685.67305811914
36956,77522.45706054923
36957,512247.9452279466
36958,60848.20725948444
36959,96360.65131484559
36960,58330.342178378276
36961,412667.4017848784
36962,82377.20266973577
36963,545143.0249695482
36964,573095.1730316436
36965,554002.925270333
36966,549824.6497361946
36967,477115.9451845016
36968,512247.9452279466
36969,532593.9059458792
36970,409803.5872850977
36971,463927.1285592423
36972,68928.88522414195
36973,132806.1152923912
36974,598258.8346662221
36975,451822.88999370177
36976,535789.4366261075
36977,500794.83477271884
36978,463927.1285592423
36979,451611.98575747677
36980,113060.88238533409
36981,499352.15176313295
36982,539528.5145090924
36983,63303.010998226004
36984,56455.80021240519
36985,107518.75856487354
36986,162787.81362803213
36987,63963.516390697885
36988,543841.0208493875
36989,469273.98089435423
36990,456265.0527065833
36991,513966.4053499921
36992,557027.4542954119
36993,153469.05982938985
36994,539994.9811650976
36995,500583.93053649383
36996,565180.5998367461
36997,451217.17268563184
36998,217120.78874345866
36999,547888.8147136766
37000,61497.544886679396
37001,228944.05030255453
37002,189532.79921091784
37003,180887.3341711534
37004,456265.0527065833
37005,405764.5450044248
37006,573095.1730316436
37007,456265.0527065833
37008,573095.1730316436
37009,55715.429028464154
37010,424409.5955014753
37011,480032.97049391357
37012,469273.98089435423
37013,60848.20725948444
37014,49793.89033410835
37015,450865.9123601708
37016,506284.14493958035
37017,532084.5126642258
37018,515325.34003242257
37019,483861.10853836144
37020,471957.9464754089
37021,72770.05366687353
37022,483861.10853836144
37023,475467.15185248305
37024,405975.4492406498
37025,70743.69944015493
37026,506198.44099694956
37027,87493.82560678555
37028,62899.38580878757
37029,68201.99236461378
37030,464342.77308136673
37031,51728.34651391989
37032,519887.08253402944
37033,498341.9287903943
37034,560897.7429014475
37035,305675.33874913736
37036,92072.59941741194
37037,518133.4840463105
37038,54467.70385938868
37039,559210.7778903455
37040,506198.44099694956
37041,68201.99236461378
37042,462370.9753570361
37043,451822.88999370177
37044,469273.98089435423
37045,86039.86645428491
37046,136254.8697412334
37047,508813.98936877673
37048,513177.1350680264
37049,422652.7463986184
37050,56627.327880307705
37051,483239.78846849804
37052,49273.54277517831
37053,518021.5225737501
37054,512247.9452279466
37055,491979.04485302046
37056,529909.9403648245
37057,65778.3306067108
37058,613698.8539380692
37059,473313.0231750271
37060,547888.8147136766
37061,547581.1090219168
37062,471957.9464754089
37063,469484.88513057923
37064,530768.8512267383
37065,220702.46105276025
37066,529909.9403648245
37067,506840.83300423506
37068,149032.37763637185
37069,422652.7463986184
37070,512247.9452279466
37071,532593.9059458792
37072,429340.62891541596
37073,77993.97850445122
37074,111106.80258842865
37075,75678.72771103468
37076,82531.06274216942
37077,574581.4672007225
37078,572219.7060781164
37079,74989.7016187315
37080,440836.60021074157
37081,547524.5319360729
37082,551697.533055943
37083,420881.24388774397
37084,545143.0249695482
37085,111802.94721561944
37086,450865.9123601708
37087,506198.44099694956
37088,451822.88999370177
37089,175721.95462684546
37090,560897.7429014475
37091,512247.9452279466
37092,409592.6830488727
37093,101194.74729851043
37094,463927.1285592423
37095,545785.4169768337
37096,51728.34651391989
37097,578950.1179106964
37098,467610.63964592764
37099,69151.8770237877
37100,63312.359102692346
37101,525598.3131704616
37102,141275.87639466033
37103,451611.98575747677
37104,52127.471437058986
37105,74403.55365333473
37106,512247.9452279466
37107,573095.1730316436
37108,49273.54277517831
37109,96070.3662996182
37110,547581.1090219168
37111,451611.98575747677
37112,532593.9059458792
37113,409803.5872850977
37114,473313.0231750271
37115,539941.0248707812
37116,584851.6812168054
37117,469205.39770707564
37118,55715.429028464154
37119,101881.132342686
37120,55778.516242525024
37121,498341.9287903943
37122,490387.54717491026
37123,230181.31125094966
37124,487785.9065849479
37125,62263.52724100732
37126,452174.1503191628
37127,68201.99236461378
37128,60848.20725948444
37129,512247.9452279466
37130,532593.9059458792
37131,578189.528024517
37132,519887.08253402944
37133,168784.01475360783
37134,409803.5872850977
37135,592727.3073012893
37136,461959.45864784665
37137,457222.03034011426
37138,498984.3207976798
37139,539994.9811650976
37140,555381.0441426283
37141,65467.86485328499
37142,543841.0208493875
37143,532084.5126642258
37144,512247.9452279466
37145,518021.5225737501
37146,108374.73863721393
37147,529909.9403648245
37148,65684.12728350761
37149,297639.0970453577
37150,66774.36559461811
37151,63095.60923585199
37152,560897.7429014475
37153,76263.15041256134
37154,131269.26629931538
37155,526236.0158641476
37156,60848.20725948444
37157,167671.16580311814
37158,405975.4492406498
37159,539994.9811650976
37160,60848.20725948444
37161,483747.5574001714
37162,571182.1535576539
37163,108165.09239806615
37164,538857.5995716342
37165,503478.8003537735
37166,405975.4492406498
37167,491979.04485302046
37168,105913.44764007468
37169,451611.98575747677
37170,293617.0567169185
37171,485461.61278153077
37172,500583.93053649383
37173,584851.6812168054
37174,61388.76645185804
37175,482597.3964612126
37176,60848.20725948444
37177,78298.36837235304
37178,63007.02004833195
37179,119964.59483789156
37180,134955.29974863646
37181,506840.83300423506
37182,522184.37244109623
37183,539244.9440519185
37184,476601.4840909501
37185,532084.5126642258
37186,118846.7993950352
37187,473102.1189388021
37188,504238.6320878231
37189,136043.96550500835
37190,339500.2844199088
37191,402542.2306026668
37192,72899.20519074757
37193,136043.96550500835
37194,547413.2318831886
37195,418969.23531193304
37196,563968.0333583839
37197,480032.97049391357
37198,512247.9452279466
37199,451822.88999370177
37200,50806.57507876228
37201,506284.14493958035
37202,114684.47670513426
37203,68201.99236461378
37204,408448.5105854795
37205,524406.1967541295
37206,49273.54277517831
37207,477115.9451845016
37208,538801.9974446647
37209,74131.62614774748
37210,412272.5887130335
37211,78484.88274858598
37212,67698.80709049606
37213,473313.0231750271
37214,468256.51417539996
37215,451217.17268563184
37216,498341.9287903943
37217,451611.98575747677
37218,56627.327880307705
37219,527743.5947405851
37220,68324.3186259945
37221,474947.8293082334
37222,519887.08253402944
37223,532084.5126642258
37224,56455.80021240519
37225,422652.7463986184
37226,58626.183025179474
37227,456475.9569428083
37228,564896.7281597401
37229,409435.9549276237
37230,68774.18140470056
37231,461959.45864784665
37232,491979.04485302046
37233,571182.1535576539
37234,521541.98043381074
37235,469484.88513057923
37236,502344.948567572
37237,498341.9287903943
37238,522184.37244109623
37239,75078.97489873412
37240,56627.327880307705
37241,74922.55308093614
37242,514175.0789573976
37243,545143.0249695482
37244,498984.3207976798
37245,511501.8718306407
37246,545060.0418740252
37247,505615.93301334954
37248,472168.8507116339
37249,77459.77144087531
37250,65914.73511844799
37251,65778.3306067108
37252,473313.0231750271
37253,545143.0249695482
37254,545143.0249695482
37255,403001.80278738315
37256,101055.51786010084
37257,232198.26451900954
37258,498341.9287903943
37259,527743.5947405851
37260,469484.88513057923
37261,573095.1730316436
37262,469273.98089435423
37263,522571.0481150841
37264,68201.99236461378
37265,519676.1782978045
37266,110480.69815558278
37267,532084.5126642258
37268,444834.88079793163
37269,61642.02396763687
37270,68928.88522414195
37271,516901.0121770535
37272,512247.9452279466
37273,512247.9452279466
37274,49273.54277517831
37275,58173.397007939064
37276,451076.8165963958
37277,500881.5192143757
37278,71612.44613333908
37279,132423.384634214
37280,65023.5124431227
37281,457222.03034011426
37282,592727.3073012893
37283,60848.20725948444
37284,60848.20725948444
37285,68928.88522414195
37286,61826.617408498954
37287,527743.5947405851
37288,566688.1787131836
37289,498984.3207976798
37290,151025.71883131145
37291,471957.9464754089
37292,544851.5771851169
37293,545785.4169768337
37294,566688.1787131836
37295,139132.16196317787
37296,569442.94454218
37297,498984.3207976798
37298,491979.04485302046
37299,62663.02147549741
37300,504238.6320878231
37301,521842.06063564634
37302,512247.9452279466
37303,469273.98089435423
37304,68742.55155698738
37305,430329.39692175586
37306,545143.0249695482
37307,495524.0137186851
37308,77506.67560982633
37309,486704.0360882249
37310,66869.71202566137
37311,61473.159525189454
37312,69134.58101132487
37313,217793.2612495344
37314,512247.9452279466
37315,556668.2082956354
37316,75047.9050785069
37317,136448.31895345115
37318,506840.83300423506
37319,512247.9452279466
37320,545270.9461102502
37321,472168.8507116339
37322,112753.23582413113
37323,610015.3428513838
37324,521973.4682048713
37325,545785.4169768337
37326,463927.1285592423
37327,530427.5603216396
37328,512247.9452279466
37329,573095.1730316436
37330,509062.6573172681
37331,524978.7325518371
37332,178196.2510387892
37333,563581.7084825021
37334,512247.9452279466
37335,469205.39770707564
37336,512044.0078374938
37337,560897.7429014475
37338,136043.96550500835
37339,512247.9452279466
37340,71956.70367089812
37341,539994.9811650976
37342,564363.193871561
37343,68543.5106990896
37344,467610.63964592764
37345,88092.32941694155
37346,76263.15041256134
37347,178196.2510387892
37348,161428.4256447646
37349,462370.9753570361
37350,486704.0360882249
37351,457222.03034011426
37352,65914.73511844799
37353,83181.78403274949
37354,513472.4452199048
37355,102524.33032323165
37356,469484.88513057923
37357,65607.02971900455
37358,70743.69944015493
37359,451611.98575747677
37360,504238.6320878231
37361,96070.3662996182
37362,473313.0231750271
37363,506198.44099694956
37364,49273.54277517831
37365,506840.83300423506
37366,451822.88999370177
37367,161418.30375932503
37368,560897.7429014475
37369,60848.20725948444
37370,78650.97824806136
37371,121101.95994000474
37372,51326.92263769232
37373,571824.5455649394
37374,512247.9452279466
37375,267940.27518412226
37376,67112.86633736551
37377,49273.54277517831
37378,529909.9403648245
37379,566688.1787131836
37380,101089.68779238306
37381,476971.24208485486
37382,451611.98575747677
37383,121366.08622759386
37384,560897.7429014475
37385,566688.1787131836
37386,545785.4169768337
37387,480032.97049391357
37388,539994.9811650976
37389,451822.88999370177
37390,52127.471437058986
37391,539994.9811650976
37392,60243.640661337005
37393,72007.02887138707
37394,522571.0481150841
37395,573095.1730316436
37396,568754.2551080029
37397,83300.23038660543
37398,137313.13003001394
37399,469273.98089435423
37400,73076.74184916115
37401,539352.5891578121
37402,498984.3207976798
37403,96070.3662996182
37404,469273.98089435423
37405,409803.5872850977
37406,447830.00385561003
37407,418969.23531193304
37408,539352.5891578121
37409,506198.44099694956
37410,512247.9452279466
37411,451076.8165963958
37412,451822.88999370177
37413,462370.9753570361
37414,580951.6852381991
37415,67173.20770736523
37416,475847.83607823204
37417,60848.20725948444
37418,81055.52941297773
37419,519887.08253402944
37420,133004.1212107585
37421,65778.3306067108
37422,451822.88999370177
37423,560897.7429014475
37424,68881.00627069474
37425,68928.88522414195
37426,267003.6303424465
37427,60243.640661337005
37428,456265.0527065833
37429,295324.5418246354
37430,513388.0393042512
37431,492518.61829481414
37432,64834.71595398119
37433,512247.9452279466
37434,491979.04485302046
37435,539352.5891578121
37436,63004.53980997324
37437,473313.0231750271
37438,543841.0208493875
37439,451611.98575747677
37440,487141.9618785602
37441,131253.62171176868
37442,433078.6740179401
37443,196863.01750242032
37444,56627.327880307705
37445,68201.99236461378
37446,405975.4492406498
37447,490387.54717491026
37448,60848.20725948444
37449,512247.9452279466
37450,512247.9452279466
37451,506840.83300423506
37452,63303.010998226004
37453,63103.97014032822
37454,473313.0231750271
37455,66297.0974936485
37456,527743.5947405851
37457,592727.3073012893
37458,68201.99236461378
37459,463927.1285592423
37460,486162.483693718
37461,64726.51992968144
37462,513480.3130702481
37463,419180.13954815804
37464,425398.18910876836
37465,66420.92281536412
37466,553600.0453501088
37467,92779.47916918619
37468,96070.3662996182
37469,450865.9123601708
37470,104638.1696035373
37471,90805.08794972936
37472,476601.4840909501
37473,451822.88999370177
37474,557911.9419400329
37475,571182.1535576539
37476,102566.28268160118
37477,69042.51315425317
37478,522071.585505039
37479,511501.8718306407
37480,560897.7429014475
37481,116497.58672667714
37482,89592.75780288289
37483,62501.6766093304
37484,60848.20725948444
37485,68002.951506716
37486,94010.91291559876
37487,491979.04485302046
37488,131053.9115534629
37489,456265.0527065833
37490,532084.5126642258
37491,610015.3428513838
37492,514734.6665528141
37493,519887.08253402944
37494,370672.44212948217
37495,56627.327880307705
37496,49793.89033410835
37497,512247.9452279466
37498,547851.493371653
37499,49793.89033410835
37500,473102.1189388021
37501,461624.90195973014
37502,512589.3849826907
37503,527743.5947405851
37504,496604.2899708169
37505,110348.84327789981
37506,539994.9811650976
37507,60848.20725948444
37508,230521.93167590708
37509,63963.516390697885
37510,422680.31798713177
37511,63670.47766286066
37512,469273.98089435423
37513,527743.5947405851
37514,529909.9403648245
37515,469484.88513057923
37516,230352.08158213593
37517,469273.98089435423
37518,55715.429028464154
37519,83993.27528353182
37520,74296.61044255833
37521,77749.21865846076
37522,141159.1463383423
37523,486704.0360882249
37524,516901.0121770535
37525,134237.0091846542
37526,408659.4148217045
37527,96730.44985110391
37528,451822.88999370177
37529,454094.706722608
37530,544851.5771851169
37531,61826.617408498954
37532,231372.6037528306
37533,532593.9059458792
37534,565778.5473334233
37535,547888.8147136766
37536,405975.4492406498
37537,265768.08697369427
37538,568754.2551080029
37539,150578.5151557217
37540,52569.50181523669
37541,62928.29616511633
37542,529909.9403648245
37543,514734.6665528141
37544,453883.802486383
37545,482716.93607496825
37546,521973.4682048713
37547,67698.80709049606
37548,69797.6319173261
37549,498984.3207976798
37550,48269.52985557327
37551,76263.15041256134
37552,500555.12100113777
37553,49273.54277517831
37554,506198.44099694956
37555,461624.90195973014
37556,469273.98089435423
37557,110348.84327789981
37558,512247.9452279466
37559,508360.49675080844
37560,463927.1285592423
37561,405975.4492406498
37562,164728.61819691354
37563,539352.5891578121
37564,496655.42642770166
37565,498341.9287903943
37566,545143.0249695482
37567,126867.7134013752
37568,523352.61516273493
37569,56627.327880307705
37570,513480.3130702481
37571,155944.20633428296
37572,430315.87548428803
37573,79117.06318368683
37574,470343.7959924929
37575,87643.64667355975
37576,463927.1285592423
37577,462370.9753570361
37578,107487.16053593508
37579,452170.9217792508
37580,61388.76645185804
37581,526932.0966830105
37582,313621.2152615495
37583,408448.5105854795
37584,50705.78918595187
37585,93110.10327762642
37586,61642.02396763687
37587,512247.9452279466
37588,596391.7045100462
37589,54711.416108859106
37590,202958.13095809566
37591,469416.30194330064
37592,520445.8971892462
37593,49273.54277517831
37594,142884.63989422424
37595,539941.0248707812
37596,483747.5574001714
37597,543841.0208493875
37598,469484.88513057923
37599,573095.1730316436
37600,73555.51583142187
37601,101644.95155876098
37602,405764.5450044248
37603,531388.4318453628
37604,149951.08228362032
37605,527743.5947405851
37606,73660.26042561528
37607,501206.1451107125
37608,64726.51992968144
37609,498341.9287903943
37610,76887.57844065738
37611,108165.09239806615
37612,487785.9065849479
37613,544851.5771851169
37614,470343.7959924929
37615,467610.63964592764
37616,539352.5891578121
37617,77822.89015756563
37618,471957.9464754089
37619,462370.9753570361
37620,411921.32838757243
37621,253567.30895651662
37622,180542.99493636287
37623,75246.59403508763
37624,215294.40247511462
37625,532084.5126642258
37626,56627.327880307705
37627,512247.9452279466
37628,545143.0249695482
37629,483239.78846849804
37630,68201.99236461378
37631,68201.99236461378
37632,176261.40342524534
37633,488798.91422114626
37634,452170.9217792508
37635,70743.69944015493
37636,103596.4159166612
37637,61388.76645185804
37638,166184.7032876122
37639,121366.08622759386
37640,450865.9123601708
37641,63843.57019059962
37642,506878.1543462585
37643,539994.9811650976
37644,532084.5126642258
37645,545270.9461102502
37646,506198.44099694956
37647,522571.0481150841
37648,55836.015131997134
37649,560897.7429014475
37650,498341.9287903943
37651,500717.5960234408
37652,545270.9461102502
37653,553959.7398935306
37654,226719.16701111165
37655,62162.38941151806
37656,49273.54277517831
37657,529909.9403648245
37658,531514.9246240442
37659,523946.6245694131
37660,469273.98089435423
37661,480032.97049391357
37662,60848.20725948444
37663,110337.78852147111
37664,506878.1543462585
37665,506198.44099694956
37666,56627.327880307705
37667,452170.9217792508
37668,513388.0393042512
37669,60848.20725948444
37670,67843.3106997783
37671,51728.34651391989
37672,63358.94979255044
37673,529909.9403648245
37674,584870.7950947338
37675,500957.47716222116
37676,518746.28729575383
37677,476852.32062835264
37678,79804.17414209933
37679,504333.3537480478
37680,480032.97049391357
37681,419180.13954815804
37682,529909.9403648245
37683,70679.69203438112
37684,441034.34196769213
37685,451076.8165963958
37686,427631.90990323335
37687,219011.84701183022
37688,543841.0208493875
37689,543841.0208493875
37690,560897.7429014475
37691,504238.6320878231
37692,521541.98043381074
37693,512247.9452279466
37694,512781.36066669
37695,506840.83300423506
37696,539739.4187453174
37697,528221.379938537
37698,276407.30320223665
37699,68201.99236461378
37700,480032.97049391357
37701,469416.30194330064
37702,473102.1189388021
37703,452170.9217792508
37704,94010.91291559876
37705,539994.9811650976
37706,532084.5126642258
37707,522571.0481150841
37708,272255.4914617793
37709,560767.5015291462
37710,276545.6107486651
37711,490208.6248645423
37712,522571.0481150841
37713,215294.40247511462
37714,513599.23452675034
37715,94888.75599947349
37716,81485.41125287683
37717,451611.98575747677
37718,88340.32536346349
37719,53151.855445375324
37720,495524.0137186851
37721,461959.45864784665
37722,60848.20725948444
37723,469273.98089435423
37724,547524.5319360729
37725,513177.1350680264
37726,51728.34651391989
37727,500555.12100113777
37728,539994.9811650976
37729,471957.9464754089
37730,469273.98089435423
37731,588535.1923034907
37732,496655.42642770166
37733,588535.1923034907
37734,517707.36670287716
37735,72248.0479027421
37736,473102.1189388021
37737,178196.2510387892
37738,105557.77155255788
37739,506198.44099694956
37740,63404.68889907876
37741,117025.41852961102
37742,69271.76833351966
37743,519887.08253402944
37744,480032.97049391357
37745,527743.5947405851
37746,63193.55361159757
37747,461959.45864784665
37748,49793.89033410835
37749,512247.9452279466
37750,63404.68889907876
37751,584851.6812168054
37752,306543.55064077507
37753,461959.45864784665
37754,273671.2339224861
37755,162289.3415474952
37756,56627.327880307705
37757,512247.9452279466
37758,462370.9753570361
37759,469273.98089435423
37760,527743.5947405851
37761,469273.98089435423
37762,467610.63964592764
37763,506878.1543462585
37764,167882.07003934318
37765,569372.1442942383
37766,512247.9452279466
37767,60848.20725948444
37768,541622.7960714524
37769,498341.9287903943
37770,512247.9452279466
37771,473102.1189388021
37772,229953.71662231107
37773,498221.87302081037
37774,467610.63964592764
37775,539941.0248707812
37776,451076.8165963958
37777,520445.8971892462
37778,66283.63369700203
37779,532084.5126642258
37780,547524.5319360729
37781,81871.6368882842
37782,474947.8293082334
37783,462370.9753570361
37784,483861.10853836144
37785,512247.9452279466
37786,56627.327880307705
37787,512247.9452279466
37788,473313.0231750271
37789,49273.54277517831
37790,571182.1535576539
37791,592727.3073012893
37792,451611.98575747677
37793,229690.12369986047
37794,88424.79081751009
37795,512247.9452279466
37796,451611.98575747677
37797,182381.04271625273
37798,239552.9341837512
37799,456475.9569428083
37800,405975.4492406498
37801,283500.8611884828
37802,73356.27351558022
37803,482386.4922249876
37804,524406.1967541295
37805,579718.3791135184
37806,545143.0249695482
37807,175932.8588630705
37808,469273.98089435423
37809,106959.65274380018
37810,463927.1285592423
37811,451076.8165963958
37812,532593.9059458792
37813,512247.9452279466
37814,568754.2551080029
37815,469484.88513057923
37816,194381.58810636832
37817,63303.010998226004
37818,519887.08253402944
37819,512247.9452279466
37820,65039.02575071021
37821,512247.9452279466
37822,573095.1730316436
37823,532084.5126642258
37824,49793.89033410835
37825,493900.80954359815
37826,533738.0784092724
37827,452174.1503191628
37828,160716.59803244736
37829,72896.72293145198
37830,448518.391884617
37831,469484.88513057923
37832,71261.92763314817
37833,512101.8001045934
37834,561234.5558075353
37835,223584.26433867277
37836,82835.20198237327
37837,73658.3931414711
37838,49273.54277517831
37839,512781.36066669
37840,232198.26451900954
37841,547524.5319360729
37842,473754.69310151256
37843,538215.2075643487
37844,469484.88513057923
37845,573095.1730316436
37846,512247.9452279466
37847,553679.2505254127
37848,247667.12672715916
37849,51728.34651391989
37850,469484.88513057923
37851,60848.20725948444
37852,518133.4840463105
37853,572219.7060781164
37854,512247.9452279466
37855,574581.4672007225
37856,539739.4187453174
37857,104740.32697399051
37858,506198.44099694956
37859,499983.33671514405
37860,452170.9217792508
37861,529909.9403648245
37862,529909.9403648245
37863,560897.7429014475
37864,417320.4687339849
37865,563581.7084825021
37866,49116.60636422815
37867,469273.98089435423
37868,573095.1730316436
37869,451822.88999370177
37870,247667.12672715916
37871,523812.1873474513
37872,68906.70580467077
37873,496655.42642770166
37874,68928.88522414195
37875,63644.52933270184
37876,547209.1013643675
37877,573095.1730316436
37878,451076.8165963958
37879,451611.98575747677
37880,81189.21690576794
37881,232198.26451900954
37882,461959.45864784665
37883,584851.6812168054
37884,71874.90935513313
37885,412878.3060211034
37886,473102.1189388021
37887,416523.53460398415
37888,469273.98089435423
37889,62663.02147549741
37890,70553.22311234672
37891,80583.85332574997
37892,88784.1239669257
37893,68201.99236461378
37894,451822.88999370177
37895,469273.98089435423
37896,69469.44441651556
37897,525598.3131704616
37898,500555.12100113777
37899,283436.28989960026
37900,526730.4905575466
37901,62183.33452759216
37902,560897.7429014475
37903,73481.14300401145
37904,557027.4542954119
37905,522184.37244109623
37906,512247.9452279466
37907,409592.6830488727
37908,512247.9452279466
37909,547524.5319360729
37910,236473.84065389255
37911,551697.533055943
37912,535195.4272194294
37913,483861.10853836144
37914,543841.0208493875
37915,447830.00385561003
37916,512095.1442943785
37917,502970.11901526427
37918,571824.5455649394
37919,55635.83304070236
37920,92870.4356222328
37921,469273.98089435423
37922,413549.8881507175
37923,457817.823012286
37924,512247.9452279466
37925,451822.88999370177
37926,501214.3247059725
37927,60848.20725948444
37928,456475.9569428083
37929,508813.98936877673
37930,62698.444400078566
37931,547209.1013643675
37932,547524.5319360729
37933,547524.5319360729
37934,61388.76645185804
37935,587659.7253499635
37936,56627.327880307705
37937,506198.44099694956
37938,418329.75813567714
37939,89855.4235870801
37940,150791.52034848402
37941,469273.98089435423
37942,539994.9811650976
37943,63303.010998226004
37944,471957.9464754089
37945,81895.14933432899
37946,106077.94695909336
37947,144049.14604223694
37948,70676.33467782945
37949,68742.55155698738
37950,469484.88513057923
37951,172976.40837177518
37952,580951.6852381991
37953,211797.9958699335
37954,74825.34951070539
37955,402542.2306026668
37956,451822.88999370177
37957,519887.08253402944
37958,512247.9452279466
37959,571824.5455649394
37960,63182.379899888096
37961,60848.20725948444
37962,539994.9811650976
37963,512247.9452279466
37964,79117.06318368683
37965,519887.08253402944
37966,49273.54277517831
37967,89095.42798003282
37968,590402.3224596666
37969,529909.9403648245
37970,498984.3207976798
37971,560897.7429014475
37972,545785.4169768337
37973,512138.2144751495
37974,573095.1730316436
37975,499537.2453776125
37976,60848.20725948444
37977,533738.0784092724
37978,498341.9287903943
37979,512247.9452279466
37980,451822.88999370177
37981,513480.3130702481
37982,462370.9753570361
37983,521541.98043381074
37984,52652.88964337572
37985,525724.805949143
37986,226141.6201351415
37987,451076.8165963958
37988,56627.327880307705
37989,532084.5126642258
37990,539941.0248707812
37991,529909.9403648245
37992,78484.88274858598
37993,563581.7084825021
37994,506878.1543462585
37995,592727.3073012893
37996,56627.327880307705
37997,100449.76085598055
37998,451611.98575747677
37999,251619.58642952796
38000,49793.89033410835
38001,108834.03347199675
38002,71914.27287401378
38003,486493.1318519999
38004,547851.493371653
38005,70547.33871672695
38006,451822.88999370177
38007,522071.585505039
38008,498984.3207976798
38009,558831.6665066282
38010,571182.1535576539
38011,73481.14300401145
38012,131251.164386747
38013,532084.5126642258
38014,297376.9348027135
38015,456475.9569428083
38016,214652.0104678292
38017,422652.7463986184
38018,90668.00844013292
38019,456265.0527065833
38020,412667.4017848784
38021,551697.533055943
38022,173241.62069271464
38023,480032.97049391357
38024,120971.45381689143
38025,462370.9753570361
38026,506878.1543462585
38027,74898.24068471485
38028,83981.45573310116
38029,480032.97049391357
38030,521541.98043381074
38031,486373.387929943
38032,580951.6852381991
38033,68686.30924403685
38034,557027.4542954119
38035,68201.99236461378
38036,139211.23809040122
38037,73481.14300401145
38038,68928.88522414195
38039,532593.9059458792
38040,526519.5863213217
38041,142884.63989422424
38042,519887.08253402944
38043,560897.7429014475
38044,506840.83300423506
38045,43352.00408082252
38046,450865.9123601708
38047,501896.58927609946
38048,62890.961766007924
38049,469273.98089435423
38050,72352.34405574859
38051,539739.4187453174
38052,506198.44099694956
38053,69250.89511631234
38054,67871.07230048574
38055,462370.9753570361
38056,513599.23452675034
38057,539528.5145090924
38058,544851.5771851169
38059,127954.18041218199
38060,519887.08253402944
38061,512044.0078374938
38062,477862.01858180756
38063,281792.30288606643
38064,425492.4211370294
38065,506198.44099694956
38066,571182.1535576539
38067,486373.387929943
38068,571182.1535576539
38069,133059.34725407232
38070,573095.1730316436
38071,512247.9452279466
38072,539352.5891578121
38073,469416.30194330064
38074,545143.0249695482
38075,547888.8147136766
38076,53151.855445375324
38077,519887.08253402944
38078,60848.20725948444
38079,533738.0784092724
38080,64956.48034807198
38081,500555.12100113777
38082,451611.98575747677
38083,469273.98089435423
38084,506840.83300423506
38085,66294.61523435288
38086,151825.03038114661
38087,94352.23348929748
38088,482689.87684325763
38089,584732.7597603031
38090,192662.53040694448
38091,62183.33452759216
38092,547524.5319360729
38093,547888.8147136766
38094,467610.63964592764
38095,60848.20725948444
38096,545143.0249695482
38097,486704.0360882249
38098,60848.20725948444
38099,451611.98575747677
38100,572219.7060781164
38101,545785.4169768337
38102,539528.5145090924
38103,532084.5126642258
38104,90062.44868011147
38105,66869.71202566137
38106,527743.5947405851
38107,215075.76726184614
38108,512247.9452279466
38109,506878.1543462585
38110,405764.5450044248
38111,111758.92585669461
38112,87567.39703836838
38113,545143.0249695482
38114,529909.9403648245
38115,70547.33871672695
38116,62663.02147549741
38117,74131.62614774748
38118,138268.95684105088
38119,468496.11712423933
38120,65914.73511844799
38121,68111.91170966145
38122,521331.0761975858
38123,158494.7361214767
38124,293617.0567169185
38125,60848.20725948444
38126,498341.9287903943
38127,170322.73871037542
38128,66297.0974936485
38129,56627.327880307705
38130,72168.48612048791
38131,64726.51992968144
38132,491979.04485302046
38133,439986.21879826067
38134,107257.72050483864
38135,529909.9403648245
38136,471957.9464754089
38137,529909.9403648245
38138,49273.54277517831
38139,451076.8165963958
38140,84145.25845968585
38141,480032.97049391357
38142,68110.61136151884
38143,324577.6638409992
38144,198185.91766161265
38145,563968.0333583839
38146,181396.75056452845
38147,434268.40987079445
38148,68201.99236461378
38149,98230.79642361864
38150,58118.477815305094
38151,53441.6078447185
38152,469484.88513057923
38153,512247.9452279466
38154,527743.5947405851
38155,59071.9835559709
38156,450865.9123601708
38157,514734.6665528141
38158,70743.69944015493
38159,95944.76089951131
38160,545785.4169768337
38161,527743.5947405851
38162,506198.44099694956
38163,43352.00408082252
38164,377310.98425786477
38165,405764.5450044248
38166,457497.5245758406
38167,61826.617408498954
38168,486482.8166540003
38169,539739.4187453174
38170,68054.2149360033
38171,559390.4811618449
38172,229953.71662231107
38173,158852.89163120682
38174,418118.85389945214
38175,66869.71202566137
38176,70785.73116693855
38177,101194.74729851043
38178,451611.98575747677
38179,78744.28629412994
38180,528432.2841747621
38181,580951.6852381991
38182,513966.4053499921
38183,69553.83748984696
38184,532593.9059458792
38185,564586.590430068
38186,544851.5771851169
38187,467024.0423061426
38188,118697.7964524707
38189,524978.7325518371
38190,571182.1535576539
38191,522571.0481150841
38192,451822.88999370177
38193,229635.29088139127
38194,532084.5126642258
38195,72896.72293145198
38196,409803.5872850977
38197,167882.07003934318
38198,115167.90334836162
38199,432867.7697817151
38200,518133.4840463105
38201,508813.98936877673
38202,515015.15592093195
38203,179622.27586113213
38204,217260.7612254913
38205,532084.5126642258
38206,439973.49164905463
38207,78805.75917057971
38208,68686.30924403685
38209,77892.70651415247
38210,560897.7429014475
38211,53151.855445375324
38212,512044.0078374938
38213,559390.16402501
38214,488798.91422114626
38215,93711.35060600443
38216,491072.76260588417
38217,175932.8588630705
38218,465299.7507148977
38219,473102.1189388021
38220,547888.8147136766
38221,451611.98575747677
38222,158176.41564018856
38223,506878.1543462585
38224,98068.04986934086
38225,573095.1730316436
38226,367934.4319948044
38227,170062.66811047102
38228,215975.2204544609
38229,545270.9461102502
38230,512247.9452279466
38231,451217.17268563184
38232,56627.327880307705
38233,49793.89033410835
38234,101054.327454128
38235,120207.9508594062
38236,98496.60696021312
38237,54043.51777052961
38238,498984.3207976798
38239,539941.0248707812
38240,49273.54277517831
38241,560710.9653820973
38242,519887.08253402944
38243,63303.010998226004
38244,545143.0249695482
38245,193739.07205345528
38246,529909.9403648245
38247,486373.387929943
38248,512247.9452279466
38249,469273.98089435423
38250,573095.1730316436
38251,68928.88522414195
38252,83696.41920175494
38253,70743.69944015493
38254,551697.533055943
38255,147635.0352379831
38256,504238.6320878231
38257,451076.8165963958
38258,207836.08227992686
38259,95944.76089951131
38260,477862.01858180756
38261,506840.83300423506
38262,254433.73680299628
38263,480032.97049391357
38264,103095.87850153388
38265,62899.38580878757
38266,68960.20050469296
38267,68742.55155698738
38268,75678.72771103468
38269,560897.7429014475
38270,78676.1017403326
38271,124103.8874888533
38272,56627.327880307705
38273,512247.9452279466
38274,70139.13284200752
38275,474170.7517063782
38276,430329.39692175586
38277,66823.0478225854
38278,545270.9461102502
38279,504333.3537480478
38280,541968.1375296392
38281,63007.02004833195
38282,451822.88999370177
38283,60649.16640158666
38284,580951.6852381991
38285,232655.15456189506
38286,571182.1535576539
38287,533738.0784092724
38288,531514.9246240442
38289,545785.4169768337
38290,518379.5036575918
38291,527743.5947405851
38292,208840.84713392815
38293,573095.1730316436
38294,430329.39692175586
38295,526730.4905575466
38296,272289.5704758017
38297,61388.76645185804
38298,529909.9403648245
38299,519980.74502305867
38300,212013.30686445427
38301,520445.8971892462
38302,580951.6852381991
38303,461624.90195973014
38304,83519.4497187735
38305,95138.05696063623
38306,512247.9452279466
38307,512247.9452279466
38308,512247.9452279466
38309,512247.9452279466
38310,532084.5126642258
38311,450865.9123601708
38312,503267.8961175485
38313,367934.4319948044
38314,118259.69053403095
38315,54697.924573006705
38316,460027.4339858062
38317,498341.9287903943
38318,451611.98575747677
38319,67009.96372816387
38320,214481.9614509882
38321,61388.76645185804
38322,563581.7084825021
38323,469416.30194330064
38324,495524.0137186851
38325,560897.7429014475
38326,206833.00287759578
38327,456475.9569428083
38328,496655.42642770166
38329,108834.03347199675
38330,451822.88999370177
38331,506198.44099694956
38332,463927.1285592423
38333,227588.05229975848
38334,529909.9403648245
38335,469484.88513057923
38336,532084.5126642258
38337,68201.99236461378
38338,422863.6506348434
38339,477862.01858180756
38340,68926.40296484633
38341,63303.010998226004
38342,55451.78729280016
38343,563581.7084825021
38344,48789.87741450328
38345,528175.0989611786
38346,405975.4492406498
38347,529909.9403648245
38348,555225.7336659015
38349,592727.3073012893
38350,64726.51992968144
38351,512247.9452279466
38352,532593.9059458792
38353,545143.0249695482
38354,539941.0248707812
38355,563581.7084825021
38356,513177.1350680264
38357,566688.1787131836
38358,469273.98089435423
38359,573095.1730316436
38360,61497.544886679396
38361,72899.20519074757
38362,447830.00385561003
38363,214692.86568721323
38364,56455.80021240519
38365,506198.44099694956
38366,72030.31069788548
38367,80733.1368041766
38368,523514.0601347731
38369,63303.010998226004
38370,470343.7959924929
38371,75763.57696080343
38372,573095.1730316436
38373,49273.54277517831
38374,506920.68167331297
38375,137081.98822180997
38376,526730.4905575466
38377,509062.6573172681
38378,63239.00359245217
38379,420351.672648432
38380,431399.2120198945
38381,519887.08253402944
38382,60848.20725948444
38383,63303.010998226004
38384,237139.4449926179
38385,473102.1189388021
38386,490476.13369773363
38387,545143.0249695482
38388,49273.54277517831
38389,491979.04485302046
38390,61189.72559396027
38391,60848.20725948444
38392,539941.0248707812
38393,60848.20725948444
38394,500555.12100113777
38395,456475.9569428083
38396,64779.28523441488
38397,451822.88999370177
38398,512247.9452279466
38399,77668.6782819344
38400,105867.04272286833
38401,65024.616709544
38402,526730.4905575466
38403,539994.9811650976
38404,130157.78221255796
38405,544851.5771851169
38406,588535.1923034907
38407,538215.2075643487
38408,49793.89033410835
38409,467610.63964592764
38410,539994.9811650976
38411,584851.6812168054
38412,528815.9846567662
38413,451611.98575747677
38414,553679.2505254127
38415,57983.67934383794
38416,498341.9287903943
38417,63303.010998226004
38418,94352.23348929748
38419,91892.51129192357
38420,68201.99236461378
38421,472168.8507116339
38422,48789.87741450328
38423,482478.9726070326
38424,483239.78846849804
38425,56455.80021240519
38426,60848.20725948444
38427,114895.3809413593
38428,61388.76645185804
38429,212224.2111006793
38430,450865.9123601708
38431,500555.12100113777
38432,545143.0249695482
38433,571824.5455649394
38434,451217.17268563184
38435,97900.30360969111
38436,56242.30092039367
38437,225501.5135159349
38438,486373.387929943
38439,405764.5450044248
38440,506198.44099694956
38441,545143.0249695482
38442,504238.6320878231
38443,102485.64907072118
38444,58118.477815305094
38445,52127.471437058986
38446,51728.34651391989
38447,416523.53460398415
38448,461959.45864784665
38449,583066.5828835178
38450,448307.487648392
38451,495807.18289746833
38452,556025.8162883499
38453,68928.88522414195
38454,324577.6638409992
38455,136708.5634318665
38456,64027.5586041714
38457,456265.0527065833
38458,553679.2505254127
38459,579124.3697068403
38460,49793.89033410835
38461,50806.57507876228
38462,470878.96515357384
38463,100713.12125398281
38464,133188.74576087404
38465,514734.6665528141
38466,422652.7463986184
38467,108896.77409471138
38468,181771.50218694395
38469,69469.44441651556
38470,531514.9246240442
38471,61826.617408498954
38472,105557.77155255788
38473,194179.05192136564
38474,457708.4288120656
38475,473102.1189388021
38476,100873.81566522554
38477,532084.5126642258
38478,596391.7045100462
38479,70689.98171518037
38480,129142.96012747531
38481,61678.03143730096
38482,77749.21865846076
38483,409803.5872850977
38484,545785.4169768337
38485,521822.9175565476
38486,190486.55173259354
38487,472168.8507116339
38488,84696.01986835356
38489,56627.327880307705
38490,141230.31890661892
38491,60848.20725948444
38492,430540.30115798087
38493,533390.2921766543
38494,232198.26451900954
38495,93758.98219313071
38496,519851.88778256805
38497,512247.9452279466
38498,112265.88586565127
38499,92902.61853917874
38500,113710.21345766212
38501,232198.26451900954
38502,90980.58160102845
38503,108375.99663429118
38504,68201.99236461378
38505,511501.8718306407
38506,533738.0784092724
38507,68201.99236461378
38508,60848.20725948444
38509,56627.327880307705
38510,469273.98089435423
38511,518133.4840463105
38512,515657.54792821745
38513,51728.34651391989
38514,78009.9388179445
38515,74815.377329496
38516,529909.9403648245
38517,65648.35735033915
38518,584732.7597603031
38519,513652.79605609097
38520,432867.7697817151
38521,498984.3207976798
38522,586750.0939702032
38523,498984.3207976798
38524,116286.6824904521
38525,572219.7060781164
38526,524978.7325518371
38527,522184.37244109623
38528,545143.0249695482
38529,81615.19213091486
38530,512589.3849826907
38531,430329.39692175586
38532,532084.5126642258
38533,566688.1787131836
38534,145062.75698261627
38535,467024.0423061426
38536,68111.91170966145
38537,469273.98089435423
38538,469484.88513057923
38539,512247.9452279466
38540,134298.99767115837
38541,477862.01858180756
38542,539739.4187453174
38543,451465.8406341232
38544,537166.4569934089
38545,520445.8971892462
38546,465088.8464786727
38547,529909.9403648245
38548,61619.94720446029
38549,464437.0051096278
38550,60848.20725948444
38551,495807.18289746833
38552,545822.7383188573
38553,108531.00906680991
38554,451822.88999370177
38555,506840.83300423506
38556,67698.80709049606
38557,518133.4840463105
38558,67112.86633736551
38559,532593.9059458792
38560,430540.30115798087
38561,152187.92138279034
38562,519887.08253402944
38563,175932.8588630705
38564,408448.5105854795
38565,63007.02004833195
38566,72481.79622654535
38567,49273.54277517831
38568,60848.20725948444
38569,61473.159525189454
38570,545143.0249695482
38571,222183.49979796284
38572,451822.88999370177
38573,215975.2204544609
38574,469273.98089435423
38575,516901.0121770535
38576,134237.0091846542
38577,61526.80882845169
38578,512247.9452279466
38579,522571.0481150841
38580,590625.7190181736
38581,552417.0291925035
38582,521822.9175565476
38583,60848.20725948444
38584,451076.8165963958
38585,547888.8147136766
38586,56627.327880307705
38587,512247.9452279466
38588,452170.9217792508
38589,519887.08253402944
38590,65778.3306067108
38591,499049.0274922214
38592,56627.327880307705
38593,63404.68889907876
38594,545143.0249695482
38595,476601.4840909501
38596,409592.6830488727
38597,68742.55155698738
38598,527743.5947405851
38599,512247.9452279466
38600,66294.61523435288
38601,75763.57696080343
38602,547888.8147136766
38603,451611.98575747677
38604,121516.62358808875
38605,539739.4187453174
38606,529909.9403648245
38607,69885.05508505364
38608,545785.4169768337
38609,469273.98089435423
38610,486373.387929943
38611,545785.4169768337
38612,457222.03034011426
38613,512247.9452279466
38614,139669.02917811417
38615,418969.23531193304
38616,90895.20355653175
38617,179594.44028934487
38618,486162.483693718
38619,405764.5450044248
38620,463927.1285592423
38621,554228.4308533475
38622,162438.8259300197
38623,512247.9452279466
38624,77709.51780434509
38625,143016.7075791114
38626,161690.75189478867
38627,409592.6830488727
38628,451611.98575747677
38629,469273.98089435423
38630,562458.6441073716
38631,471957.9464754089
38632,49793.89033410835
38633,68201.99236461378
38634,469273.98089435423
38635,583976.2142632782
38636,501206.1451107125
38637,68201.99236461378
38638,79159.81960639363
38639,60848.20725948444
38640,60848.20725948444
38641,573095.1730316436
38642,573095.1730316436
38643,56627.327880307705
38644,79514.45660714842
38645,506878.1543462585
38646,521541.98043381074
38647,519887.08253402944
38648,409803.5872850977
38649,55451.78729280016
38650,500794.83477271884
38651,70525.83519248998
38652,469416.30194330064
38653,512412.5165180488
38654,498341.9287903943
38655,247463.7098083217
38656,573095.1730316436
38657,477862.01858180756
38658,101405.65153473546
38659,160411.7762453116
38660,70648.36716950928
38661,87643.64667355975
38662,572219.7060781164
38663,539994.9811650976
38664,480032.97049391357
38665,68201.99236461378
38666,380994.4953445501
38667,74922.55308093614
38668,62663.02147549741
38669,554002.925270333
38670,491979.04485302046
38671,560897.7429014475
38672,56627.327880307705
38673,74815.377329496
38674,522289.1601438872
38675,528796.5669523661
38676,472883.34841702343
38677,532593.9059458792
38678,69294.58123194118
38679,63004.53980997324
38680,64726.51992968144
38681,518133.4840463105
38682,545785.4169768337
38683,113370.46885898587
38684,430540.30115798087
38685,469484.88513057923
38686,560897.7429014475
38687,451611.98575747677
38688,512247.9452279466
38689,545143.0249695482
38690,67847.0347292588
38691,422863.6506348434
38692,464437.0051096278
38693,429728.2249114924
38694,519887.08253402944
38695,500583.93053649383
38696,471957.9464754089
38697,70710.70034660207
38698,65267.079122055045
38699,143577.947093302
38700,260427.33116958744
38701,498984.3207976798
38702,70396.0209068334
38703,77320.7773626745
38704,223914.82570816786
38705,142884.63989422424
38706,56627.327880307705
38707,60848.20725948444
38708,84145.25845968585
38709,469273.98089435423
38710,58160.36018389169
38711,55532.15694127677
38712,519887.08253402944
38713,130534.26167656817
38714,113376.78839933389
38715,469273.98089435423
38716,52127.471437058986
38717,61388.76645185804
38718,139669.02917811417
38719,53151.855445375324
38720,63303.010998226004
38721,520445.8971892462
38722,408448.5105854795
38723,547209.1013643675
38724,81871.6368882842
38725,88667.91469149054
38726,68201.99236461378
38727,512247.9452279466
38728,523563.5193989599
38729,122256.06146108867
38730,48269.52985557327
38731,571310.0746983561
38732,506198.44099694956
38733,512992.264902915
38734,136497.65919564146
38735,473313.0231750271
38736,547524.5319360729
38737,477351.7012691377
38738,557027.4542954119
38739,63354.27215310426
38740,60848.20725948444
38741,68684.52624167435
38742,62890.961766007924
38743,512247.9452279466
38744,555381.0441426283
38745,56455.80021240519
38746,76263.15041256134
38747,463927.1285592423
38748,80600.3215523438
38749,72294.63859260015
38750,524978.7325518371
38751,482478.9726070326
38752,579718.3791135184
38753,509642.8766050548
38754,52127.471437058986
38755,247667.12672715916
38756,62663.02147549741
38757,450865.9123601708
38758,216186.12469068595
38759,532084.5126642258
38760,451611.98575747677
38761,461959.45864784665
38762,207836.08227992686
38763,207836.08227992686
38764,547164.5639346972
38765,53151.855445375324
38766,498207.97929973976
38767,51123.458517453924
38768,486373.387929943
38769,60848.20725948444
38770,86526.95878353034
38771,87744.04645044186
38772,512247.9452279466
38773,444520.1112974269
38774,472168.8507116339
38775,506198.44099694956
38776,177800.29353418679
38777,548223.5010292022
38778,49793.89033410835
38779,49793.89033410835
38780,60848.20725948444
38781,559390.4811618449
38782,469416.30194330064
38783,465088.8464786727
38784,478534.4528006959
38785,584851.6812168054
38786,49273.54277517831
38787,531514.9246240442
38788,474947.8293082334
38789,75644.95722486236
38790,242859.08284465515
38791,547851.493371653
38792,528432.2841747621
38793,68324.3186259945
38794,506840.83300423506
38795,230521.93167590708
38796,77058.19651046036
38797,52127.471437058986
38798,86211.12522493166
38799,51728.34651391989
38800,93896.66894866768
38801,527743.5947405851
38802,54816.85751488399
38803,63963.516390697885
38804,473102.1189388021
38805,473102.1189388021
38806,160911.67921717514
38807,113710.21345766212
38808,545785.4169768337
38809,498984.3207976798
38810,451822.88999370177
38811,469484.88513057923
38812,48269.52985557327
38813,64588.46865640287
38814,63303.010998226004
38815,491979.04485302046
38816,451822.88999370177
38817,512247.9452279466
38818,207836.08227992686
38819,463927.1285592423
38820,100713.12125398281
38821,501206.1451107125
38822,68928.88522414195
38823,60848.20725948444
38824,568754.2551080029
38825,51123.458517453924
38826,518133.4840463105
38827,521331.0761975858
38828,77320.7773626745
38829,57988.832515989176
38830,516901.0121770535
38831,473313.0231750271
38832,512247.9452279466
38833,533738.0784092724
38834,473102.1189388021
38835,139132.16196317787
38836,469273.98089435423
38837,469273.98089435423
38838,545143.0249695482
38839,58160.36018389169
38840,503267.8961175485
38841,49273.54277517831
38842,49273.54277517831
38843,524250.4488359158
38844,66283.63369700203
38845,506840.83300423506
38846,566688.1787131836
38847,451611.98575747677
38848,49273.54277517831
38849,220479.37717416656
38850,274197.54846356454
38851,469416.30194330064
38852,48269.52985557327
38853,70689.98171518037
38854,522184.37244109623
38855,66283.63369700203
38856,496655.42642770166
38857,538857.5995716342
38858,462370.9753570361
38859,539941.0248707812
38860,511501.8718306407
38861,505615.93301334954
38862,70743.69944015493
38863,506198.44099694956
38864,165366.59789696752
38865,512247.9452279466
38866,514734.6665528141
38867,560897.7429014475
38868,451076.8165963958
38869,208046.9865161519
38870,69675.49074205429
38871,584851.6812168054
38872,67597.42576646636
38873,159289.12030837673
38874,103955.27002913963
38875,469273.98089435423
38876,547888.8147136766
38877,480912.14407037105
38878,450865.9123601708
38879,68742.55155698738
38880,93887.2896496237
38881,543841.0208493875
38882,498341.9287903943
38883,472168.8507116339
38884,56627.327880307705
38885,82961.65771169905
38886,587659.7253499635
38887,506840.83300423506
38888,49273.54277517831
38889,533738.0784092724
38890,457011.12610388926
38891,539994.9811650976
38892,422863.6506348434
38893,444834.88079793163
38894,506198.44099694956
38895,441034.34196769213
38896,232198.26451900954
38897,80936.84957469255
38898,560897.7429014475
38899,405764.5450044248
38900,532084.5126642258
38901,59378.95416735387
38902,467610.63964592764
38903,486704.0360882249
38904,521541.98043381074
38905,543841.0208493875
38906,545143.0249695482
38907,571182.1535576539
38908,490387.54717491026
38909,547524.5319360729
38910,408448.5105854795
38911,65467.86485328499
38912,119057.03118554997
38913,498341.9287903943
38914,545143.0249695482
38915,84366.7610675886
38916,506878.1543462585
38917,469484.88513057923
38918,571824.5455649394
38919,138268.95684105088
38920,49793.89033410835
38921,56627.327880307705
38922,551697.533055943
38923,482478.9726070326
38924,498341.9287903943
38925,500957.47716222116
38926,491979.04485302046
38927,532084.5126642258
38928,539352.5891578121
38929,451611.98575747677
38930,545143.0249695482
38931,512247.9452279466
38932,68201.99236461378
38933,78009.9388179445
38934,214481.9614509882
38935,73374.68542377501
38936,78026.64676108643
38937,114895.3809413593
38938,68928.88522414195
38939,529909.9403648245
38940,584851.6812168054
38941,72770.05366687353
38942,462370.9753570361
38943,469273.98089435423
38944,547524.5319360729
38945,412732.1608977498
38946,78948.8692661835
38947,472168.8507116339
38948,571824.5455649394
38949,584870.7950947338
38950,519887.08253402944
38951,56627.327880307705
38952,512247.9452279466
38953,377310.98425786477
38954,469484.88513057923
38955,63193.55361159757
38956,451822.88999370177
38957,207836.08227992686
38958,499049.0274922214
38959,108360.01660556142
38960,496655.42642770166
38961,75455.03960112404
38962,167882.07003934318
38963,543841.0208493875
38964,512247.9452279466
38965,529909.9403648245
38966,197643.02938875934
38967,220479.37717416656
38968,469484.88513057923
38969,543841.0208493875
38970,551697.533055943
38971,469273.98089435423
38972,469273.98089435423
38973,248085.9605784166
38974,408659.4148217045
38975,117050.09874588063
38976,127843.92751529401
38977,490387.54717491026
38978,512412.5165180488
38979,49273.54277517831
38980,139229.14381105674
38981,451076.8165963958
38982,506840.83300423506
38983,469273.98089435423
38984,486482.8166540003
38985,571182.1535576539
38986,62013.71871756305
38987,62663.02147549741
38988,210520.04786098155
38989,68323.55607640307
38990,555745.326920232
38991,547524.5319360729
38992,469484.88513057923
38993,306981.0147518627
38994,68201.99236461378
38995,60784.1998537106
38996,512247.9452279466
38997,539352.5891578121
38998,477862.01858180756
38999,87589.78526302487
39000,56627.327880307705
39001,451822.88999370177
39002,68002.951506716
39003,491979.04485302046
39004,539941.0248707812
39005,512247.9452279466
39006,512247.9452279466
39007,463927.1285592423
39008,164374.71747584335
39009,56627.327880307705
39010,260228.8432594207
39011,68201.99236461378
39012,123707.02805207073
39013,517785.4942509135
39014,233205.89725696176
39015,451611.98575747677
39016,230521.93167590708
39017,70687.7305870912
39018,451611.98575747677
39019,519887.08253402944
39020,545143.0249695482
39021,105407.62498591004
39022,471957.9464754089
39023,451822.88999370177
39024,96070.3662996182
39025,477351.7012691377
39026,52127.471437058986
39027,473313.0231750271
39028,232198.26451900954
39029,431399.2120198945
39030,461959.45864784665
39031,419207.50018503884
39032,82665.93572911248
39033,512247.9452279466
39034,527743.5947405851
39035,60848.20725948444
39036,520705.488154805
39037,306543.55064077507
39038,52652.88964337572
39039,451611.98575747677
39040,74629.0369376708
39041,83996.3266355857
39042,474736.9250720084
39043,512247.9452279466
39044,89208.24468177422
39045,80886.99771470859
39046,50806.57507876228
39047,419180.13954815804
39048,451822.88999370177
39049,86826.25501865095
39050,456475.9569428083
39051,56627.327880307705
39052,68742.55155698738
39053,512247.9452279466
39054,506878.1543462585
39055,88123.27241304332
39056,539528.5145090924
39057,560897.7429014475
39058,418969.23531193304
39059,573095.1730316436
39060,84366.7610675886
39061,527743.5947405851
39062,56455.80021240519
39063,451822.88999370177
39064,78484.88274858598
39065,539941.0248707812
39066,68201.99236461378
39067,512247.9452279466
39068,537987.660739608
39069,545143.0249695482
39070,561456.5575566642
39071,60848.20725948444
39072,92372.45575348022
39073,519980.74502305867
39074,476852.32062835264
39075,506840.83300423506
39076,483861.10853836144
39077,275452.25379350904
39078,482689.87684325763
39079,526730.4905575466
39080,512247.9452279466
39081,457497.5245758406
39082,59664.54694293643
39083,56455.80021240519
39084,60848.20725948444
39085,579718.3791135184
39086,65805.58144375106
39087,48269.52985557327
39088,49793.89033410835
39089,49273.54277517831
39090,527743.5947405851
39091,173030.7164564896
39092,451611.98575747677
39093,60848.20725948444
39094,519887.08253402944
39095,63303.010998226004
39096,506840.83300423506
39097,555381.0441426283
39098,547547.6691051504
39099,67801.44595623564
39100,500555.12100113777
39101,409592.6830488727
39102,65648.35735033915
39103,65684.12728350761
39104,102896.02902173757
39105,409592.6830488727
39106,88667.91469149054
39107,521541.98043381074
39108,165366.59789696752
39109,480032.97049391357
39110,539739.4187453174
39111,67698.80709049606
39112,560897.7429014475
39113,71164.4500089215
39114,451465.8406341232
39115,155066.8900914834
39116,108425.86376143512
39117,49273.54277517831
39118,405975.4492406498
39119,451611.98575747677
39120,506840.83300423506
39121,451822.88999370177
39122,469273.98089435423
39123,451822.88999370177
39124,134688.11666000864
39125,450865.9123601708
39126,565778.5473334233
39127,91395.36969030208
39128,441034.34196769213
39129,125810.24133242581
39130,469273.98089435423
39131,56455.80021240519
39132,473313.0231750271
39133,520445.8971892462
39134,463927.1285592423
39135,122818.58551255835
39136,539352.5891578121
39137,68201.99236461378
39138,208026.2521102885
39139,514734.6665528141
39140,584851.6812168054
39141,94678.94934047788
39142,498984.3207976798
39143,63182.379899888096
39144,405975.4492406498
39145,52652.88964337572
39146,469273.98089435423
39147,514734.6665528141
39148,186505.5590648061
39149,605842.3417315137
39150,463927.1285592423
39151,469484.88513057923
39152,473313.0231750271
39153,51510.5415706292
39154,520445.8971892462
39155,462370.9753570361
39156,553085.2411187346
39157,461624.90195973014
39158,547888.8147136766
39159,532084.5126642258
39160,56627.327880307705
39161,405975.4492406498
39162,512138.2144751495
39163,102928.99562423365
39164,59378.95416735387
39165,571438.2206890576
39166,513388.0393042512
39167,471783.6407657977
39168,573095.1730316436
39169,506198.44099694956
39170,535578.5323898826
39171,473313.0231750271
39172,469484.88513057923
39173,50135.024562269544
39174,65616.98574054384
39175,539941.0248707812
39176,68201.99236461378
39177,408659.4148217045
39178,482597.3964612126
39179,588535.1923034907
39180,519887.08253402944
39181,71230.54090755398
39182,539994.9811650976
39183,498341.9287903943
39184,469484.88513057923
39185,573095.1730316436
39186,461624.90195973014
39187,211524.81271498284
39188,70547.33871672695
39189,63303.010998226004
39190,513177.1350680264
39191,451465.8406341232
39192,419180.13954815804
39193,512247.9452279466
39194,490387.54717491026
39195,120547.27131514998
39196,450411.19563592266
39197,67874.77526725373
39198,526236.0158641476
39199,573095.1730316436
39200,539528.5145090924
39201,539941.0248707812
39202,77502.55025209545
39203,75940.66893854586
39204,521973.4682048713
39205,277864.1567678285
39206,451822.88999370177
39207,56627.327880307705
39208,568754.2551080029
39209,87643.64667355975
39210,377100.08002163976
39211,511927.3102389246
39212,529909.9403648245
39213,547294.8053069984
39214,469484.88513057923
39215,451822.88999370177
39216,469484.88513057923
39217,512247.9452279466
39218,495439.5505399943
39219,72016.53677057609
39220,573095.1730316436
39221,99958.08064684777
39222,560710.9653820973
39223,572219.7060781164
39224,451611.98575747677
39225,405764.5450044248
39226,486493.1318519999
39227,518133.4840463105
39228,73169.9517755173
39229,272573.4439207768
39230,78031.62136110527
39231,405764.5450044248
39232,49273.54277517831
39233,588535.1923034907
39234,136098.22125940345
39235,472168.8507116339
39236,99747.17641062273
39237,49273.54277517831
39238,409803.5872850977
39239,501896.58927609946
39240,68201.99236461378
39241,68201.99236461378
39242,517484.819847836
39243,87111.58688182633
39244,512247.9452279466
39245,92221.94945426694
39246,598258.8346662221
39247,252925.22186736256
39248,498341.9287903943
39249,211797.9958699335
39250,506198.44099694956
39251,512247.9452279466
39252,73363.05949817701
39253,178196.2510387892
39254,542423.3843263721
39255,456475.9569428083
39256,533738.0784092724
39257,66869.71202566137
39258,60848.20725948444
39259,547524.5319360729
39260,506198.44099694956
39261,451676.7448703482
39262,498341.9287903943
39263,142884.63989422424
39264,461959.45864784665
39265,56076.998318753554
39266,200571.73227033473
39267,56038.57415304483
39268,574581.4672007225
39269,63303.010998226004
39270,149746.02206122494
39271,78484.88274858598
39272,232198.26451900954
39273,512044.0078374938
39274,469484.88513057923
39275,411921.32838757243
39276,166315.64228140208
39277,508360.49675080844
39278,90773.77782228492
39279,63303.010998226004
39280,473313.0231750271
39281,444520.1112974269
39282,451611.98575747677
39283,498984.3207976798
39284,75236.73020274696
39285,61388.76645185804
39286,113251.5385388101
39287,451963.2460829378
39288,592727.3073012893
39289,456475.9569428083
39290,144287.78447315528
39291,532084.5126642258
39292,159982.26739405838
39293,138231.77311792746
39294,306543.55064077507
39295,85783.31803867935
39296,499049.0274922214
39297,467910.03569510684
39298,469484.88513057923
39299,61826.617408498954
39300,58173.397007939064
39301,133188.74576087404
39302,148056.67135500396
39303,451611.98575747677
39304,60848.20725948444
39305,76218.36786934771
39306,469273.98089435423
39307,68998.85783286516
39308,511501.8718306407
39309,60848.20725948444
39310,196753.64329694145
39311,486704.0360882249
39312,68505.56965041929
39313,469484.88513057923
39314,126303.53982653598
39315,451822.88999370177
39316,43352.00408082252
39317,588535.1923034907
39318,60848.20725948444
39319,500555.12100113777
39320,498984.3207976798
39321,568754.2551080029
39322,49273.54277517831
39323,92870.4356222328
39324,451822.88999370177
39325,488798.91422114626
39326,498984.3207976798
39327,545143.0249695482
39328,452170.9217792508
39329,51728.34651391989
39330,408659.4148217045
39331,524250.4488359158
39332,538992.7678053599
39333,469416.30194330064
39334,470132.89175626787
39335,61189.72559396027
39336,267003.6303424465
39337,469273.98089435423
39338,469273.98089435423
39339,451076.8165963958
39340,56455.80021240519
39341,232198.26451900954
39342,469484.88513057923
39343,422652.7463986184
39344,516901.0121770535
39345,517418.63213386876
39346,452170.9217792508
39347,239809.33816526685
39348,457011.12610388926
39349,569442.94454218
39350,207836.08227992686
39351,105557.77155255788
39352,587659.7253499635
39353,113499.30922143708
39354,517785.4942509135
39355,51728.34651391989
39356,532084.5126642258
39357,194179.05192136564
39358,66053.32360771183
39359,208046.9865161519
39360,207836.08227992686
39361,547524.5319360729
39362,70655.9859857201
39363,62663.02147549741
39364,100655.53858989471
39365,571182.1535576539
39366,116286.6824904521
39367,49273.54277517831
39368,76345.01759339265
39369,64726.51992968144
39370,145578.08327225462
39371,532084.5126642258
39372,56627.327880307705
39373,440823.43773146713
39374,584732.7597603031
39375,49273.54277517831
39376,539739.4187453174
39377,498341.9287903943
39378,463927.1285592423
39379,598258.8346662221
39380,98379.35388244798
39381,51123.458517453924
39382,451822.88999370177
39383,467610.63964592764
39384,71284.25863252854
39385,56531.20231357271
39386,68267.7381589498
39387,512247.9452279466
39388,63843.57019059962
39389,451611.98575747677
39390,67969.39566460197
39391,486162.483693718
39392,512247.9452279466
39393,85266.08245788257
39394,483861.10853836144
39395,450865.9123601708
39396,522571.0481150841
39397,519887.08253402944
39398,173030.7164564896
39399,469484.88513057923
39400,469484.88513057923
39401,60848.20725948444
39402,480032.97049391357
39403,490387.54717491026
39404,451611.98575747677
39405,588535.1923034907
39406,64726.51992968144
39407,377310.98425786477
39408,588535.1923034907
39409,60498.49951438345
39410,461624.90195973014
39411,61501.57163869441
39412,67902.69288506573
39413,512247.9452279466
39414,544996.3201200847
39415,519887.08253402944
39416,533738.0784092724
39417,61295.77383834418
39418,526236.0158641476
39419,49969.51065755451
39420,177776.5137093178
39421,68742.55155698738
39422,439973.49164905463
39423,522571.0481150841
39424,62313.3137303964
39425,451822.88999370177
39426,451076.8165963958
39427,409592.6830488727
39428,498984.3207976798
39429,62398.144495094755
39430,405764.5450044248
39431,512247.9452279466
39432,68201.99236461378
39433,68324.3186259945
39434,60848.20725948444
39435,500794.83477271884
39436,472168.8507116339
39437,72867.02348983796
39438,217811.9962743414
39439,451611.98575747677
39440,529909.9403648245
39441,77195.06250266217
39442,520445.8971892462
39443,512247.9452279466
39444,80038.76187024073
39445,50120.61928383322
39446,62663.02147549741
39447,60848.20725948444
39448,63193.55361159757
39449,512247.9452279466
39450,50120.61928383322
39451,196753.64329694145
39452,466213.91627907415
39453,418969.23531193304
39454,462370.9753570361
39455,409592.6830488727
39456,512247.9452279466
39457,544851.5771851169
39458,560897.7429014475
39459,512247.9452279466
39460,63303.010998226004
39461,469273.98089435423
39462,60848.20725948444
39463,88969.16227665344
39464,451822.88999370177
39465,491979.04485302046
39466,145788.98750847965
39467,498341.9287903943
39468,132423.384634214
39469,461334.2882001544
39470,81615.19213091486
39471,66137.3279815056
39472,473313.0231750271
39473,105867.04272286833
39474,59165.14346571872
39475,543841.0208493875
39476,56174.185629683256
39477,512247.9452279466
39478,473313.0231750271
39479,464685.67305811914
39480,506840.83300423506
39481,70524.5554937553
39482,447830.00385561003
39483,49273.54277517831
39484,450865.9123601708
39485,545143.0249695482
39486,543841.0208493875
39487,469273.98089435423
39488,52614.23503941558
39489,506840.83300423506
39490,512247.9452279466
39491,545785.4169768337
39492,67874.77526725373
39493,100713.12125398281
39494,229690.12369986047
39495,65351.47219538644
39496,173030.7164564896
39497,447765.7294077269
39498,513480.3130702481
39499,568754.2551080029
39500,539739.4187453174
39501,75244.55154286075
39502,56455.80021240519
39503,467610.63964592764
39504,566688.1787131836
39505,560897.7429014475
39506,488798.91422114626
39507,153871.31480113507
39508,71838.08356128709
39509,95036.76380754406
39510,60848.20725948444
39511,128538.39352932786
39512,560897.7429014475
39513,409803.5872850977
39514,556816.550059187
39515,473313.0231750271
39516,67818.33898498562
39517,506840.83300423506
39518,73924.09743018344
39519,111802.94721561944
39520,473102.1189388021
39521,422652.7463986184
39522,558831.6665066282
39523,64726.51992968144
39524,64812.60820689768
39525,70655.9859857201
39526,512247.9452279466
39527,521822.9175565476
39528,72525.51456261508
39529,471957.9464754089
39530,580951.6852381991
39531,519887.08253402944
39532,412667.4017848784
39533,532084.5126642258
39534,457708.4288120656
39535,532084.5126642258
39536,552769.6191456524
39537,533738.0784092724
39538,229690.12369986047
39539,491979.04485302046
39540,494663.01043407514
39541,467610.63964592764
39542,439973.49164905463
39543,67282.67906929797
39544,525598.3131704616
39545,498984.3207976798
39546,476601.4840909501
39547,451822.88999370177
39548,64276.74804367867
39549,74776.87020290848
39550,598258.8346662221
39551,515657.54792821745
39552,490469.8721660026
39553,68928.88522414195
39554,432867.7697817151
39555,573095.1730316436
39556,162399.78974906565
39557,483239.78846849804
39558,504238.6320878231
39559,63963.516390697885
39560,232198.26451900954
39561,56627.327880307705
39562,512247.9452279466
39563,529909.9403648245
39564,447830.00385561003
39565,451611.98575747677
39566,514734.6665528141
39567,547581.1090219168
39568,193920.6316106822
39569,156166.44263999228
39570,494663.01043407514
39571,498341.9287903943
39572,102524.33032323165
39573,161690.75189478867
39574,462370.9753570361
39575,143469.26056931948
39576,63303.010998226004
39577,63843.57019059962
39578,574581.4672007225
39579,521541.98043381074
39580,447830.00385561003
39581,49273.54277517831
39582,430540.30115798087
39583,573095.1730316436
39584,512247.9452279466
39585,73821.7079013573
39586,60848.20725948444
39587,262854.489220518
39588,469484.88513057923
39589,573095.1730316436
39590,88424.79081751009
39591,520445.8971892462
39592,154317.76534765272
39593,86039.86645428491
39594,78986.76962465899
39595,506198.44099694956
39596,58118.477815305094
39597,451676.7448703482
39598,547209.1013643675
39599,532593.9059458792
39600,418969.23531193304
39601,560897.7429014475
39602,69616.26017224861
39603,539528.5145090924
39604,456475.9569428083
39605,588535.1923034907
39606,529909.9403648245
39607,71284.25863252854
39608,528921.1723584845
39609,85208.34065338863
39610,405975.4492406498
39611,512138.2144751495
39612,273641.8617870339
39613,120971.45381689143
39614,52127.471437058986
39615,512247.9452279466
39616,113878.45817743186
39617,472168.8507116339
39618,498984.3207976798
39619,197643.02938875934
39620,50506.52865102413
39621,545143.0249695482
39622,174660.56076607792
39623,457708.4288120656
39624,64726.51992968144
39625,532593.9059458792
39626,486373.387929943
39627,63007.02004833195
39628,48269.52985557327
39629,499352.15176313295
39630,69553.83748984696
39631,136708.5634318665
39632,153009.37059055563
39633,586750.0939702032
39634,422863.6506348434
39635,512247.9452279466
39636,545143.0249695482
39637,543841.0208493875
39638,451611.98575747677
39639,519887.08253402944
39640,60848.20725948444
39641,560897.7429014475
39642,75763.57696080343
39643,469273.98089435423
39644,227588.05229975848
39645,63303.010998226004
39646,552417.0291925035
39647,482597.3964612126
39648,521541.98043381074
39649,535578.5323898826
39650,476971.24208485486
39651,98285.70272398808
39652,483239.78846849804
39653,60848.20725948444
39654,491979.04485302046
39655,498341.9287903943
39656,453142.89299121517
39657,179594.44028934487
39658,512247.9452279466
39659,86183.14762104921
39660,560500.0611458723
39661,572219.7060781164
39662,456475.9569428083
39663,474985.0904729621
39664,512247.9452279466
39665,475467.15185248305
39666,539941.0248707812
39667,469273.98089435423
39668,68998.85783286516
39669,516901.0121770535
39670,482478.9726070326
39671,513388.0393042512
39672,67801.44595623564
39673,451822.88999370177
39674,483861.10853836144
39675,419180.13954815804
39676,64726.51992968144
39677,87567.39703836838
39678,71676.97404278979
39679,539941.0248707812
39680,498984.3207976798
39681,506198.44099694956
39682,544851.5771851169
39683,560897.7429014475
39684,409803.5872850977
39685,480032.97049391357
39686,58108.03868194415
39687,64726.51992968144
39688,101405.65153473546
39689,545143.0249695482
39690,82488.44075224869
39691,450513.9694366647
39692,505615.93301334954
39693,506840.83300423506
39694,77337.74409130194
39695,532084.5126642258
39696,539941.0248707812
39697,58330.342178378276
39698,456265.0527065833
39699,96606.2769948367
39700,62899.38580878757
39701,545143.0249695482
39702,81237.17556834818
39703,498341.9287903943
39704,565778.5473334233
39705,394908.54845800047
39706,598258.8346662221
39707,412132.23262379743
39708,456475.9569428083
39709,474947.8293082334
39710,518021.5225737501
39711,532084.5126642258
39712,63734.11280397118
39713,533738.0784092724
39714,486704.0360882249
39715,236069.59535395866
39716,49273.54277517831
39717,512247.9452279466
39718,532084.5126642258
39719,580951.6852381991
39720,192084.83165136966
39721,60848.20725948444
39722,422652.7463986184
39723,519887.08253402944
39724,83636.64038277217
39725,464226.1008734028
39726,86826.25501865095
39727,199430.9130406984
39728,73660.26042561528
39729,473102.1189388021
39730,498984.3207976798
39731,451822.88999370177
39732,547524.5319360729
39733,451611.98575747677
39734,513388.0393042512
39735,64351.91374992456
39736,48789.87741450328
39737,440823.43773146713
39738,511501.8718306407
39739,56782.529162130064
39740,69797.6319173261
39741,49273.54277517831
39742,499352.15176313295
39743,533738.0784092724
39744,532084.5126642258
39745,547524.5319360729
39746,211797.9958699335
39747,560897.7429014475
39748,67698.80709049606
39749,416523.53460398415
39750,506840.83300423506
39751,541968.1375296392
39752,450865.9123601708
39753,51123.458517453924
39754,568754.2551080029
39755,92867.20281367312
39756,68111.91170966145
39757,113341.70645386346
39758,450865.9123601708
39759,49273.54277517831
39760,532593.9059458792
39761,573095.1730316436
39762,68201.99236461378
39763,61189.72559396027
39764,96863.54329696158
39765,506920.68167331297
39766,136043.96550500835
39767,504238.6320878231
39768,60848.20725948444
39769,527686.7180420521
39770,49793.89033410835
39771,451076.8165963958
39772,164588.8606807131
39773,70743.69944015493
39774,190486.55173259354
39775,467770.1157034486
39776,210172.38435819536
39777,450865.9123601708
39778,98068.04986934086
39779,63303.010998226004
39780,588535.1923034907
39781,419180.13954815804
39782,87564.3456863145
39783,473313.0231750271
39784,405764.5450044248
39785,71542.00046715492
39786,463927.1285592423
39787,539994.9811650976
39788,56627.327880307705
39789,402753.1348388918
39790,515657.54792821745
39791,471783.6407657977
39792,580951.6852381991
39793,539352.5891578121
39794,537286.5127629928
39795,451076.8165963958
39796,592727.3073012893
39797,583976.2142632782
39798,519887.08253402944
39799,532084.5126642258
39800,512247.9452279466
39801,113499.30922143708
39802,587659.7253499635
39803,521541.98043381074
39804,472168.8507116339
39805,521973.4682048713
39806,495807.18289746833
39807,462370.9753570361
39808,77330.94744683611
39809,555745.326920232
39810,245003.82663937513
39811,241101.35858262455
39812,533738.0784092724
39813,587554.7606757885
39814,229953.71662231107
39815,265062.1149845339
39816,543841.0208493875
39817,511501.8718306407
39818,472168.8507116339
39819,506878.1543462585
39820,166465.6941530965
39821,136254.8697412334
39822,541968.1375296392
39823,476971.24208485486
39824,91635.8711256076
39825,472168.8507116339
39826,63818.505877302574
39827,584851.6812168054
39828,553006.0359434306
39829,451822.88999370177
39830,489871.40068416786
39831,357440.39118509315
39832,483239.78846849804
39833,498984.3207976798
39834,471957.9464754089
39835,142269.27084342184
39836,506840.83300423506
39837,99958.08064684777
39838,124443.93538707608
39839,74131.62614774748
39840,405975.4492406498
39841,572219.7060781164
39842,502634.97132840997
39843,68201.99236461378
39844,84330.07514437892
39845,539994.9811650976
39846,477862.01858180756
39847,60848.20725948444
39848,506878.1543462585
39849,51123.458517453924
39850,533738.0784092724
39851,405764.5450044248
39852,545143.0249695482
39853,451611.98575747677
39854,73356.27351558022
39855,55836.015131997134
39856,451822.88999370177
39857,74511.237873563
39858,469484.88513057923
39859,552769.6191456524
39860,508411.6332076932
39861,474947.8293082334
39862,526519.5863213217
39863,511501.8718306407
39864,171132.9577624468
39865,469484.88513057923
39866,52127.471437058986
39867,550572.7802947313
39868,96070.3662996182
39869,53151.855445375324
39870,56627.327880307705
39871,506198.44099694956
39872,545822.7383188573
39873,465299.7507148977
39874,547524.5319360729
39875,444520.1112974269
39876,512247.9452279466
39877,547888.8147136766
39878,52127.471437058986
39879,173241.62069271464
39880,555745.326920232
39881,62899.38580878757
39882,512247.9452279466
39883,545785.4169768337
39884,56627.327880307705
39885,545143.0249695482
39886,491979.04485302046
39887,113376.78839933389
39888,480912.14407037105
39889,527743.5947405851
39890,571182.1535576539
39891,450865.9123601708
39892,483861.10853836144
39893,483239.78846849804
39894,512247.9452279466
39895,538992.7678053599
39896,232198.26451900954
39897,77628.43164185266
39898,104186.9307939483
39899,527743.5947405851
39900,469273.98089435423
39901,416523.53460398415
39902,68864.87781836811
39903,486493.1318519999
39904,521541.98043381074
39905,77533.75632485103
39906,532593.9059458792
39907,530427.5603216396
39908,486373.387929943
39909,158241.85765076513
39910,57468.48318162451
39911,75678.72771103468
39912,512247.9452279466
39913,469273.98089435423
39914,529909.9403648245
39915,527743.5947405851
39916,68543.5106990896
39917,66283.63369700203
39918,61388.76645185804
39919,498984.3207976798
39920,162289.3415474952
39921,544851.5771851169
39922,417531.3729702099
39923,68928.88522414195
39924,74131.62614774748
39925,162654.68805797523
39926,68928.88522414195
39927,447830.00385561003
39928,529909.9403648245
39929,71054.30440147813
39930,474947.8293082334
39931,419180.13954815804
39932,498984.3207976798
39933,452170.9217792508
39934,491979.04485302046
39935,451822.88999370177
39936,512551.9646203341
39937,467610.63964592764
39938,457497.5245758406
39939,555225.7336659015
39940,547524.5319360729
39941,92616.2970189782
39942,586750.0939702032
39943,167482.53603341678
39944,462370.9753570361
39945,451611.98575747677
39946,456265.0527065833
39947,59378.95416735387
39948,500555.12100113777
39949,64468.52245630463
39950,82867.7636591403
39951,532084.5126642258
39952,49273.54277517831
39953,137313.13003001394
39954,500555.12100113777
39955,71609.97293499467
39956,60848.20725948444
39957,82665.93572911248
39958,451822.88999370177
39959,519980.74502305867
39960,571824.5455649394
39961,547581.1090219168
39962,70973.7928791027
39963,72596.10120889259
39964,422652.7463986184
39965,451217.17268563184
39966,512247.9452279466
39967,43352.00408082252
39968,51123.458517453924
39969,413229.56634656445
39970,60848.20725948444
39971,573095.1730316436
39972,539994.9811650976
39973,560897.7429014475
39974,543841.0208493875
39975,451217.17268563184
39976,60848.20725948444
39977,529909.9403648245
39978,584851.6812168054
39979,488798.91422114626
39980,469273.98089435423
39981,463927.1285592423
39982,473102.1189388021
39983,549824.6497361946
39984,506840.83300423506
39985,496365.0619111667
39986,529909.9403648245
39987,488798.91422114626
39988,579718.3791135184
39989,491979.04485302046
39990,512992.264902915
39991,62663.02147549741
39992,512247.9452279466
39993,498984.3207976798
39994,467024.0423061426
39995,513480.3130702481
39996,68998.85783286516
39997,473102.1189388021
39998,108231.36889369515
39999,163619.34133930126
40000,65778.3306067108
40001,469273.98089435423
40002,450865.9123601708
40003,58968.69997184573
40004,160911.67921717514
40005,469273.98089435423
40006,532084.5126642258
40007,167882.07003934318
40008,451822.88999370177
40009,483861.10853836144
40010,51123.458517453924
40011,56510.91155955004
40012,545270.9461102502
40013,512247.9452279466
40014,105331.03871115868
40015,471957.9464754089
40016,513652.79605609097
40017,451611.98575747677
40018,573095.1730316436
40019,560897.7429014475
40020,537928.9047702783
40021,94001.81425404249
40022,563581.7084825021
40023,473102.1189388021
40024,60848.20725948444
40025,496365.0619111667
40026,519887.08253402944
40027,568462.512914478
40028,532084.5126642258
40029,521822.9175565476
40030,56627.327880307705
40031,138505.46037736067
40032,50705.78918595187
40033,500555.12100113777
40034,75134.76997552712
40035,451822.88999370177
40036,480032.97049391357
40037,521541.98043381074
40038,72288.10452587107
40039,49273.54277517831
40040,469484.88513057923
40041,48789.87741450328
40042,452170.9217792508
40043,127085.05485325673
40044,560897.7429014475
40045,68686.30924403685
40046,451822.88999370177
40047,64809.15437593429
40048,65513.45362630815
40049,506840.83300423506
40050,539739.4187453174
40051,471957.9464754089
40052,544851.5771851169
40053,139751.36311139652
40054,97210.84359298412
40055,450865.9123601708
40056,496365.0619111667
40057,498341.9287903943
40058,68201.99236461378
40059,545785.4169768337
40060,535195.4272194294
40061,117050.09874588063
40062,522184.37244109623
40063,473102.1189388021
40064,79962.0127448033
40065,545060.0418740252
40066,451822.88999370177
40067,462370.9753570361
40068,451611.98575747677
40069,563581.7084825021
40070,84366.7610675886
40071,136043.96550500835
40072,512992.264902915
40073,232198.26451900954
40074,504333.3537480478
40075,539352.5891578121
40076,87881.87582402128
40077,139132.16196317787
40078,450200.29139969766
40079,68201.99236461378
40080,560897.7429014475
40081,565180.5998367461
40082,60395.85718262771
40083,64726.51992968144
40084,512247.9452279466
40085,498341.9287903943
40086,486373.387929943
40087,49793.89033410835
40088,509062.6573172681
40089,529909.9403648245
40090,440823.43773146713
40091,532084.5126642258
40092,473313.0231750271
40093,529909.9403648245
40094,521973.4682048713
40095,87065.9063850637
40096,49273.54277517831
40097,463927.1285592423
40098,519887.08253402944
40099,427631.90990323335
40100,506198.44099694956
40101,48789.87741450328
40102,547581.1090219168
40103,111546.60691954526
40104,68742.55155698738
40105,469273.98089435423
40106,60678.98606500502
40107,48269.52985557327
40108,545143.0249695482
40109,530768.8512267383
40110,59778.92282684103
40111,469273.98089435423
40112,462370.9753570361
40113,181567.37471232595
40114,70372.69201975562
40115,218454.3882816268
40116,80946.65191837892
40117,539994.9811650976
40118,529909.9403648245
40119,584851.6812168054
40120,588535.1923034907
40121,73408.9143354648
40122,49273.54277517831
40123,111758.92585669461
40124,473102.1189388021
40125,473102.1189388021
40126,70533.19473944268
40127,210638.98734506633
40128,61497.544886679396
40129,551533.9689552895
40130,52716.93068902554
40131,92177.98750668962
40132,529909.9403648245
40133,102598.38193077507
40134,569372.1442942383
40135,451465.8406341232
40136,519887.08253402944
40137,571824.5455649394
40138,456265.0527065833
40139,519887.08253402944
40140,483861.10853836144
40141,527743.5947405851
40142,166042.1182016149
40143,547524.5319360729
40144,68002.951506716
40145,166942.61301412142
40146,124766.07332405742
40147,85671.13797389521
40148,473313.0231750271
40149,63303.010998226004
40150,539994.9811650976
40151,451611.98575747677
40152,532084.5126642258
40153,574581.4672007225
40154,488798.91422114626
40155,456475.9569428083
40156,151606.45540785594
40157,473102.1189388021
40158,422680.31798713177
40159,115591.0489368045
40160,128995.36276574401
40161,160626.87667269353
40162,580951.6852381991
40163,541805.4951401368
40164,517336.3071427763
40165,513480.3130702481
40166,473102.1189388021
40167,519887.08253402944
40168,545270.9461102502
40169,112944.82245066013
40170,565778.5473334233
40171,469484.88513057923
40172,566688.1787131836
40173,201071.00167047084
40174,512247.9452279466
40175,512247.9452279466
40176,99747.17641062273
40177,525925.5769146435
40178,527743.5947405851
40179,522289.1601438872
40180,486493.1318519999
40181,529909.9403648245
40182,68201.99236461378
40183,543841.0208493875
40184,112255.1644303762
40185,217811.9962743414
40186,519887.08253402944
40187,545785.4169768337
40188,539352.5891578121
40189,394697.64422177547
40190,179056.9855704145
40191,75598.525864079
40192,469706.6664598356
40193,580951.6852381991
40194,60848.20725948444
40195,63103.97014032822
40196,463927.1285592423
40197,43678.10336617622
40198,588535.1923034907
40199,451076.8165963958
40200,68201.99236461378
40201,451611.98575747677
40202,64726.51992968144
40203,457708.4288120656
40204,218155.2671994732
40205,465088.8464786727
40206,513388.0393042512
40207,476971.24208485486
40208,64403.73427137468
40209,573095.1730316436
40210,63303.010998226004
40211,573095.1730316436
40212,470343.7959924929
40213,482597.3964612126
40214,60848.20725948444
40215,537928.9047702783
40216,77822.89015756563
40217,114895.3809413593
40218,63193.55361159757
40219,482716.93607496825
40220,571182.1535576539
40221,512589.3849826907
40222,573095.1730316436
40223,486704.0360882249
40224,571824.5455649394
40225,501206.1451107125
40226,79498.25787181244
40227,62313.3137303964
40228,519887.08253402944
40229,495524.0137186851
40230,515657.54792821745
40231,48789.87741450328
40232,81485.41125287683
40233,232198.26451900954
40234,519887.08253402944
40235,216215.12155034536
40236,451822.88999370177
40237,64726.51992968144
40238,451822.88999370177
40239,448518.391884617
40240,58108.03868194415
40241,159835.18510668218
40242,488798.91422114626
40243,486493.1318519999
40244,55061.898280560665
40245,516901.0121770535
40246,100713.12125398281
40247,101194.74729851043
40248,539528.5145090924
40249,512247.9452279466
40250,80809.345003364
40251,85783.31803867935
40252,560897.7429014475
40253,451822.88999370177
40254,101194.74729851043
40255,68201.99236461378
40256,451822.88999370177
40257,504333.3537480478
40258,545143.0249695482
40259,498984.3207976798
40260,573095.1730316436
40261,88784.1239669257
40262,511501.8718306407
40263,574581.4672007225
40264,52127.471437058986
40265,430329.39692175586
40266,60848.20725948444
40267,491979.04485302046
40268,60243.640661337005
40269,97210.84359298412
40270,467024.0423061426
40271,447830.00385561003
40272,519887.08253402944
40273,486704.0360882249
40274,61900.34043649163
40275,412667.4017848784
40276,473313.0231750271
40277,451822.88999370177
40278,88424.79081751009
40279,512247.9452279466
40280,574046.3698779724
40281,529909.9403648245
40282,469484.88513057923
40283,430540.30115798087
40284,477862.01858180756
40285,440823.43773146713
40286,169490.298393415
40287,288369.29138481774
40288,405975.4492406498
40289,72723.0015815359
40290,560897.7429014475
40291,409592.6830488727
40292,88793.35233962855
40293,156166.44263999228
40294,123314.88315521003
40295,196863.01750242032
40296,59993.196424092224
40297,71087.89790910056
40298,471783.6407657977
40299,68201.99236461378
40300,452170.9217792508
40301,477115.9451845016
40302,525724.805949143
40303,471783.6407657977
40304,477115.9451845016
40305,77320.7773626745
40306,288361.2538689251
40307,560710.9653820973
40308,544851.5771851169
40309,513652.79605609097
40310,285162.59138073015
40311,441088.3865213152
40312,479044.20248757367
40313,554977.0657174101
40314,424658.2634499667
40315,529909.9403648245
40316,558831.6665066282
40317,473102.1189388021
40318,463927.1285592423
40319,469484.88513057923
40320,512247.9452279466
40321,69797.6319173261
40322,522184.37244109623
40323,566688.1787131836
40324,52127.471437058986
40325,456265.0527065833
40326,181604.40822668394
40327,56627.327880307705
40328,102301.83756854245
40329,512247.9452279466
40330,484457.9962975055
40331,545143.0249695482
40332,566688.1787131836
40333,68928.88522414195
40334,69294.58123194118
40335,95554.70223238216
40336,83814.36176254494
40337,547524.5319360729
40338,64726.51992968144
40339,69855.46171445979
40340,473102.1189388021
40341,470878.96515357384
40342,500794.83477271884
40343,59453.25046402007
40344,554002.925270333
40345,547888.8147136766
40346,440836.60021074157
40347,519887.08253402944
40348,580951.6852381991
40349,56627.327880307705
40350,568754.2551080029
40351,573095.1730316436
40352,76263.15041256134
40353,278703.15928261814
40354,529909.9403648245
40355,423565.20946879865
40356,227536.65703407748
40357,122205.38933600349
40358,103095.87850153388
40359,528432.2841747621
40360,135567.40532186232
40361,179622.27586113213
40362,469484.88513057923
40363,456475.9569428083
40364,115144.44514530562
40365,74714.01940676058
40366,66711.41179205009
40367,60848.20725948444
40368,87564.3456863145
40369,567246.6762315654
40370,62663.02147549741
40371,514140.6571461359
40372,547524.5319360729
40373,519887.08253402944
40374,68928.88522414195
40375,451822.88999370177
40376,462370.9753570361
40377,452211.91403142916
40378,539528.5145090924
40379,260985.0247443047
40380,157186.96481068694
40381,158624.7204119169
40382,477862.01858180756
40383,544851.5771851169
40384,467539.13949070836
40385,49273.54277517831
40386,495524.0137186851
40387,548223.5010292022
40388,69855.46171445979
40389,498984.3207976798
40390,68201.99236461378
40391,102896.02902173757
40392,221530.4136953979
40393,170252.11632527187
40394,63303.010998226004
40395,482386.4922249876
40396,539941.0248707812
40397,506198.44099694956
40398,63963.516390697885
40399,544851.5771851169
40400,506198.44099694956
40401,500555.12100113777
40402,555381.0441426283
40403,501896.58927609946
40404,452170.9217792508
40405,498984.3207976798
40406,527743.5947405851
40407,529909.9403648245
40408,516297.2339363733
40409,58160.36018389169
40410,469416.30194330064
40411,97900.30360969111
40412,514734.6665528141
40413,53151.855445375324
40414,102283.32603738057
40415,67519.11036067654
40416,488798.91422114626
40417,547524.5319360729
40418,417320.4687339849
40419,452170.9217792508
40420,498341.9287903943
40421,473313.0231750271
40422,444834.88079793163
40423,512247.9452279466
40424,560897.7429014475
40425,64726.51992968144
40426,519887.08253402944
40427,518133.4840463105
40428,451611.98575747677
40429,183653.85444324554
40430,66283.63369700203
40431,127909.68975516429
40432,54711.416108859106
40433,62882.66071022575
40434,512247.9452279466
40435,471783.6407657977
40436,146115.01407516297
40437,500555.12100113777
40438,491979.04485302046
40439,531514.9246240442
40440,72581.59923501508
40441,520705.488154805
40442,79616.89334397494
40443,154135.30854626946
40444,56076.998318753554
40445,519887.08253402944
40446,569372.1442942383
40447,275731.37212920864
40448,68742.55155698738
40449,528432.2841747621
40450,512247.9452279466
40451,560897.7429014475
40452,92870.4356222328
40453,136254.8697412334
40454,506920.68167331297
40455,83084.23706170851
40456,516901.0121770535
40457,119497.07445031343
40458,539352.5891578121
40459,514734.6665528141
40460,573203.6925228029
40461,451822.88999370177
40462,566688.1787131836
40463,451822.88999370177
40464,539739.4187453174
40465,486704.0360882249
40466,49793.89033410835
40467,469273.98089435423
40468,232198.26451900954
40469,451428.07692185685
40470,62663.02147549741
40471,529909.9403648245
40472,72899.20519074757
40473,103904.11716542288
40474,80032.38708610067
40475,405764.5450044248
40476,220407.03497721575
40477,56627.327880307705
40478,55294.53204818438
40479,512589.3849826907
40480,539994.9811650976
40481,54405.91816854687
40482,473102.1189388021
40483,422863.6506348434
40484,545143.0249695482
40485,529909.9403648245
40486,508411.6332076932
40487,542423.3843263721
40488,473313.0231750271
40489,544851.5771851169
40490,66308.862742811
40491,557027.4542954119
40492,483239.78846849804
40493,539941.0248707812
40494,63303.010998226004
40495,70478.82245975228
40496,519887.08253402944
40497,500555.12100113777
40498,529909.9403648245
40499,574581.4672007225
40500,65778.3306067108
40501,49273.54277517831
40502,469273.98089435423
40503,560897.7429014475
40504,149658.87714032183
40505,554977.0657174101
40506,157965.51140396352
40507,460027.4339858062
40508,122994.32620973462
40509,547524.5319360729
40510,133135.31966520604
40511,505615.93301334954
40512,60756.826256389504
40513,274386.47059270396
40514,465299.7507148977
40515,85671.13797389521
40516,155569.4255641551
40517,545143.0249695482
40518,547524.5319360729
40519,519887.08253402944
40520,545785.4169768337
40521,483861.10853836144
40522,82205.51189195462
40523,469273.98089435423
40524,451076.8165963958
40525,573095.1730316436
40526,532084.5126642258
40527,405975.4492406498
40528,451822.88999370177
40529,532593.9059458792
40530,532593.9059458792
40531,524250.4488359158
40532,512247.9452279466
40533,483239.78846849804
40534,596391.7045100462
40535,68742.55155698738
40536,68959.82803455589
40537,542423.3843263721
40538,106146.73817277387
40539,451822.88999370177
40540,533738.0784092724
40541,65778.3306067108
40542,474381.6559426032
40543,60848.20725948444
40544,60848.20725948444
40545,529909.9403648245
40546,65267.079122055045
40547,63303.010998226004
40548,468496.11712423933
40549,102524.33032323165
40550,100713.12125398281
40551,566688.1787131836
40552,74825.34951070539
40553,103094.62050445663
40554,532084.5126642258
40555,180286.44273313705
40556,67112.86633736551
40557,49793.89033410835
40558,55715.429028464154
40559,519887.08253402944
40560,547524.5319360729
40561,545785.4169768337
40562,527743.5947405851
40563,498341.9287903943
40564,483861.10853836144
40565,544851.5771851169
40566,511501.8718306407
40567,102696.55330694618
40568,495524.0137186851
40569,56627.327880307705
40570,450865.9123601708
40571,544851.5771851169
40572,248586.78802463366
40573,533738.0784092724
40574,64726.51992968144
40575,451676.7448703482
40576,573095.1730316436
40577,155721.41204890446
40578,124117.74467639165
40579,49793.89033410835
40580,67282.67906929797
40581,504144.81179087784
40582,482478.9726070326
40583,515015.15592093195
40584,48789.87741450328
40585,512247.9452279466
40586,463927.1285592423
40587,568754.2551080029
40588,486373.387929943
40589,544851.5771851169
40590,50806.57507876228
40591,56455.80021240519
40592,56627.327880307705
40593,500555.12100113777
40594,529909.9403648245
40595,498984.3207976798
40596,484827.75429141027
40597,488110.690868697
40598,512247.9452279466
40599,560897.7429014475
40600,66379.98927952742
40601,529909.9403648245
40602,477862.01858180756
40603,544851.5771851169
40604,49273.54277517831
40605,60848.20725948444
40606,501206.1451107125
40607,542216.8054781306
40608,545060.0418740252
40609,142769.0893782874
40610,245888.25772202975
40611,571824.5455649394
40612,94369.2043797623
40613,51728.34651391989
40614,473313.0231750271
40615,532084.5126642258
40616,452174.1503191628
40617,66117.71563675631
40618,500794.83477271884
40619,537415.1249419003
40620,500794.83477271884
40621,408448.5105854795
40622,432867.7697817151
40623,509853.7808412798
40624,519887.08253402944
40625,416523.53460398415
40626,560897.7429014475
40627,153220.27482678066
40628,405764.5450044248
40629,65775.42268138
40630,568754.2551080029
40631,511501.8718306407
40632,160279.0977921324
40633,60848.20725948444
40634,477862.01858180756
40635,405764.5450044248
40636,451822.88999370177
40637,48269.52985557327
40638,512247.9452279466
40639,506840.83300423506
40640,547294.8053069984
40641,451611.98575747677
40642,473102.1189388021
40643,544851.5771851169
40644,68928.88522414195
40645,545785.4169768337
40646,53740.58503655349
40647,473313.0231750271
40648,194666.70500798814
40649,409803.5872850977
40650,103178.2955610377
40651,444623.97656170663
40652,451822.88999370177
40653,63336.081865697255
40654,491979.04485302046
40655,61826.617408498954
40656,545143.0249695482
40657,231026.8411535052
40658,115259.03280181796
40659,117231.16719597498
40660,111546.60691954526
40661,532084.5126642258
40662,68054.2149360033
40663,506878.1543462585
40664,67902.69288506573
40665,526730.4905575466
40666,60661.78494532998
40667,89873.25327943069
40668,572219.7060781164
40669,158472.1359461134
40670,101921.49983837246
40671,157965.51140396352
40672,491979.04485302046
40673,150430.5647183679
40674,89328.18115040555
40675,49300.177466539084
40676,416523.53460398415
40677,450865.9123601708
40678,72245.37849694163
40679,65267.079122055045
40680,53151.855445375324
40681,555745.326920232
40682,412132.23262379743
40683,512247.9452279466
40684,482515.0855309141
40685,511501.8718306407
40686,196753.64329694145
40687,491979.04485302046
40688,163395.21803072156
40689,103596.4159166612
40690,547851.493371653
40691,469484.88513057923
40692,160530.87584450774
40693,51728.34651391989
40694,408448.5105854795
40695,61388.76645185804
40696,78484.88274858598
40697,74936.80495618941
40698,469273.98089435423
40699,82566.09528118193
40700,68201.99236461378
40701,60848.20725948444
40702,81682.49445743921
40703,529909.9403648245
40704,91961.70294963209
40705,477862.01858180756
40706,62208.62619819374
40707,523553.04993868305
40708,574465.4857444351
40709,498341.9287903943
40710,89677.35017037713
40711,68201.99236461378
40712,82750.97306585438
40713,193739.1960990829
40714,527743.5947405851
40715,482716.93607496825
40716,51123.458517453924
40717,495524.0137186851
40718,118697.7964524707
40719,547524.5319360729
40720,451611.98575747677
40721,68928.88522414195
40722,469273.98089435423
40723,409592.6830488727
40724,260985.0247443047
40725,545785.4169768337
40726,66708.3604399962
40727,405975.4492406498
40728,111639.74505011056
40729,53151.855445375324
40730,512247.9452279466
40731,173297.54827315753
40732,519887.08253402944
40733,545143.0249695482
40734,226141.6201351415
40735,547581.1090219168
40736,456265.0527065833
40737,473313.0231750271
40738,451611.98575747677
40739,467610.63964592764
40740,512247.9452279466
40741,143016.7075791114
40742,506198.44099694956
40743,60848.20725948444
40744,498984.3207976798
40745,521541.98043381074
40746,65434.38890842095
40747,133059.34725407232
40748,55778.516242525024
40749,539941.0248707812
40750,580951.6852381991
40751,512247.9452279466
40752,571438.2206890576
40753,474947.8293082334
40754,469484.88513057923
40755,467610.63964592764
40756,129304.73953006191
40757,62663.02147549741
40758,452170.9217792508
40759,102524.33032323165
40760,213087.94339925962
40761,60848.20725948444
40762,506840.83300423506
40763,539994.9811650976
40764,451611.98575747677
40765,52127.471437058986
40766,498984.3207976798
40767,512247.9452279466
40768,60848.20725948444
40769,452170.9217792508
40770,300564.25043578853
40771,451611.98575747677
40772,73481.14300401145
40773,49273.54277517831
40774,74720.95578023569
40775,469484.88513057923
40776,447830.00385561003
40777,49273.54277517831
40778,541805.4951401368
40779,178196.2510387892
40780,598258.8346662221
40781,512247.9452279466
40782,512247.9452279466
40783,506878.1543462585
40784,512247.9452279466
40785,513652.79605609097
40786,61295.77383834418
40787,547888.8147136766
40788,417320.4687339849
40789,61388.76645185804
40790,61388.76645185804
40791,461959.45864784665
40792,232198.26451900954
40793,514734.6665528141
40794,447830.00385561003
40795,50986.80410597692
40796,68201.99236461378
40797,78272.14823331102
40798,545143.0249695482
40799,51123.458517453924
40800,528175.0989611786
40801,513288.80345653504
40802,547209.1013643675
40803,469484.88513057923
40804,96155.66513573637
40805,323776.8132635131
40806,512247.9452279466
40807,462970.9036309885
40808,456265.0527065833
40809,473313.0231750271
40810,553679.2505254127
40811,121023.42169377868
40812,107131.02104128091
40813,500555.12100113777
40814,545785.4169768337
40815,545143.0249695482
40816,56627.327880307705
40817,48789.87741450328
40818,483239.78846849804
40819,149032.37763637185
40820,488798.91422114626
40821,573095.1730316436
40822,504238.6320878231
40823,562833.5779239655
40824,512247.9452279466
40825,508411.6332076932
40826,60848.20725948444
40827,519887.08253402944
40828,506198.44099694956
40829,512247.9452279466
40830,49273.54277517831
40831,560862.5481499861
40832,452170.9217792508
40833,535195.4272194294
40834,64809.15437593429
40835,167671.16580311814
40836,571182.1535576539
40837,560897.7429014475
40838,78989.45098894328
40839,512247.9452279466
40840,530427.5603216396
40841,60848.20725948444
40842,456265.0527065833
40843,588535.1923034907
40844,60848.20725948444
40845,68742.55155698738
40846,68201.99236461378
40847,49273.54277517831
40848,66869.71202566137
40849,463927.1285592423
40850,49273.54277517831
40851,545143.0249695482
40852,114165.40633399061
40853,98024.59608228494
40854,548007.2412898667
40855,126759.20783209465
40856,474170.7517063782
40857,504144.81179087784
40858,124348.92937051613
40859,513472.4452199048
40860,109896.71194261863
40861,56627.327880307705
40862,411921.32838757243
40863,206833.00287759578
40864,532084.5126642258
40865,68201.99236461378
40866,529909.9403648245
40867,492861.08381688554
40868,68324.3186259945
40869,512992.264902915
40870,514734.6665528141
40871,512247.9452279466
40872,473313.0231750271
40873,419180.13954815804
40874,462370.9753570361
40875,504333.3537480478
40876,213298.84763548465
40877,235230.30030519018
40878,272573.4439207768
40879,512247.9452279466
40880,451822.88999370177
40881,547758.5733413753
40882,574581.4672007225
40883,512247.9452279466
40884,462370.9753570361
40885,529909.9403648245
40886,541368.6510647838
40887,60848.20725948444
40888,156943.43015754235
40889,474170.7517063782
40890,457497.5245758406
40891,473102.1189388021
40892,462370.9753570361
40893,529909.9403648245
40894,508360.49675080844
40895,491979.04485302046
40896,56627.327880307705
40897,52127.471437058986
40898,56627.327880307705
40899,56076.998318753554
40900,560767.5015291462
40901,528815.9846567662
40902,60848.20725948444
40903,543841.0208493875
40904,506840.83300423506
40905,544851.5771851169
40906,463927.1285592423
40907,480032.97049391357
40908,471783.6407657977
40909,56627.327880307705
40910,452174.1503191628
40911,50986.80410597692
40912,574581.4672007225
40913,527743.5947405851
40914,537987.660739608
40915,412521.2566615248
40916,84833.43597358647
40917,62663.02147549741
40918,452422.81826765416
40919,128492.6913084444
40920,506198.44099694956
40921,451822.88999370177
40922,78763.71831493266
40923,491979.04485302046
40924,60848.20725948444
40925,56627.327880307705
40926,519887.08253402944
40927,477862.01858180756
40928,62501.6766093304
40929,402542.2306026668
40930,590402.3224596666
40931,58173.397007939064
40932,80365.56068819758
40933,49793.89033410835
40934,450865.9123601708
40935,522184.37244109623
40936,56627.327880307705
40937,512247.9452279466
40938,517336.3071427763
40939,588535.1923034907
40940,422863.6506348434
40941,59111.30547563475
40942,451822.88999370177
40943,220702.46105276025
40944,53151.855445375324
40945,71656.18113906872
40946,527743.5947405851
40947,512247.9452279466
40948,588535.1923034907
40949,498984.3207976798
40950,477862.01858180756
40951,93181.73963533992
40952,68928.88522414195
40953,512247.9452279466
40954,78484.88274858598
40955,60848.20725948444
40956,60848.20725948444
40957,451611.98575747677
40958,538992.7678053599
40959,68684.52624167435
40960,563325.6413510984
40961,451611.98575747677
40962,471783.6407657977
40963,83149.88101773018
40964,462370.9753570361
40965,547888.8147136766
40966,528175.0989611786
40967,500794.83477271884
40968,69681.24249159923
40969,72751.2328216274
40970,480032.97049391357
40971,104726.47211301123
40972,174196.73345616102
40973,483239.78846849804
40974,408448.5105854795
40975,124768.78243791088
40976,551697.533055943
40977,554002.925270333
40978,63927.963263931015
40979,519887.08253402944
40980,74621.11539236856
40981,451611.98575747677
40982,60848.20725948444
40983,504238.6320878231
40984,279528.69436059444
40985,451611.98575747677
40986,380783.5911083251
40987,245398.91821049733
40988,69681.24249159923
40989,76897.29724511821
40990,463927.1285592423
40991,63619.57469240803
40992,85917.78643847998
40993,500555.12100113777
40994,560897.7429014475
40995,451822.88999370177
40996,294955.131464303
40997,53151.855445375324
40998,512247.9452279466
40999,518133.4840463105
41000,520445.8971892462
41001,481637.9547531332
41002,480032.97049391357
41003,500555.12100113777
41004,545143.0249695482
41005,227392.47881097454
41006,511501.8718306407
41007,280368.72829522257
41008,193875.20978966658
41009,422863.6506348434
41010,512247.9452279466
41011,498207.97929973976
41012,49273.54277517831
41013,56627.327880307705
41014,452422.81826765416
41015,451076.8165963958
41016,451611.98575747677
41017,530427.5603216396
41018,516901.0121770535
41019,451611.98575747677
41020,267940.27518412226
41021,69885.05508505364
41022,54877.30483969858
41023,451611.98575747677
41024,473313.0231750271
41025,563325.6413510984
41026,473313.0231750271
41027,202103.00772102334
41028,514734.6665528141
41029,463927.1285592423
41030,469484.88513057923
41031,76315.63252268959
41032,483028.88423227303
41033,56455.80021240519
41034,565180.5998367461
41035,419180.13954815804
41036,560897.7429014475
41037,451611.98575747677
41038,451822.88999370177
41039,143363.09827754402
41040,63007.02004833195
41041,498341.9287903943
41042,491979.04485302046
41043,63843.57019059962
41044,506840.83300423506
41045,498341.9287903943
41046,402753.1348388918
41047,68201.99236461378
41048,471783.6407657977
41049,56627.327880307705
41050,473313.0231750271
41051,63303.010998226004
41052,68201.99236461378
41053,450865.9123601708
41054,547851.493371653
41055,119574.44427200803
41056,61858.38384042006
41057,482597.3964612126
41058,539941.0248707812
41059,545785.4169768337
41060,450865.9123601708
41061,61189.72559396027
41062,107898.71337703461
41063,64339.00422104518
41064,68201.99236461378
41065,457011.12610388926
41066,506840.83300423506
41067,471957.9464754089
41068,75387.45587871286
41069,71448.81010817725
41070,232198.26451900954
41071,405975.4492406498
41072,245755.83743304288
41073,498341.9287903943
41074,571182.1535576539
41075,76170.47178204679
41076,558796.1546183318
41077,48789.87741450328
41078,131053.9115534629
41079,68505.56965041929
41080,521822.9175565476
41081,500555.12100113777
41082,71448.81010817725
41083,517336.3071427763
41084,405975.4492406498
41085,529909.9403648245
41086,484457.9962975055
41087,451822.88999370177
41088,68684.52624167435
41089,539352.5891578121
41090,548223.5010292022
41091,545785.4169768337
41092,548223.5010292022
41093,72751.63553596295
41094,498341.9287903943
41095,112849.24718437617
41096,65684.12728350761
41097,60848.20725948444
41098,405975.4492406498
41099,498341.9287903943
41100,49273.54277517831
41101,460027.4339858062
41102,543841.0208493875
41103,105557.77155255788
41104,77749.21865846076
41105,519887.08253402944
41106,592727.3073012893
41107,588535.1923034907
41108,584851.6812168054
41109,408659.4148217045
41110,73977.56898689558
41111,409592.6830488727
41112,126817.91135993523
41113,120182.547874181
41114,512247.9452279466
41115,545143.0249695482
41116,160626.87667269353
41117,60848.20725948444
41118,474947.8293082334
41119,73924.09743018344
41120,554002.925270333
41121,68178.38057522911
41122,409225.0506913987
41123,463927.1285592423
41124,547851.493371653
41125,547524.5319360729
41126,573095.1730316436
41127,94012.8690104712
41128,97210.84359298412
41129,236372.374162528
41130,97322.29903846815
41131,447830.00385561003
41132,473102.1189388021
41133,251001.36431126276
41134,78487.18942567107
41135,469273.98089435423
41136,483861.10853836144
41137,79480.5474560591
41138,514734.6665528141
41139,251619.58642952796
41140,71018.107344625
41141,568754.2551080029
41142,519887.08253402944
41143,473102.1189388021
41144,468496.11712423933
41145,51728.34651391989
41146,545143.0249695482
41147,422863.6506348434
41148,69885.05508505364
41149,539352.5891578121
41150,506920.68167331297
41151,545785.4169768337
41152,49793.89033410835
41153,412667.4017848784
41154,573095.1730316436
41155,263678.8069052523
41156,541085.8643835733
41157,66294.61523435288
41158,55170.17271007817
41159,194179.05192136564
41160,422652.7463986184
41161,85671.13797389521
41162,81496.77600469199
41163,125143.46033335433
41164,55451.78729280016
41165,565778.5473334233
41166,545143.0249695482
41167,53151.855445375324
41168,532084.5126642258
41169,543841.0208493875
41170,75813.97027086491
41171,564896.7281597401
41172,108531.00906680991
41173,90335.32976323916
41174,450411.19563592266
41175,573095.1730316436
41176,380994.4953445501
41177,545785.4169768337
41178,469273.98089435423
41179,519887.08253402944
41180,584870.7950947338
41181,154795.65065879398
41182,217120.78874345866
41183,533738.0784092724
41184,380994.4953445501
41185,451822.88999370177
41186,56627.327880307705
41187,394697.64422177547
41188,82665.93572911248
41189,545143.0249695482
41190,128176.13936124231
41191,498984.3207976798
41192,560897.7429014475
41193,69469.44441651556
41194,539994.9811650976
41195,545785.4169768337
41196,53844.122673579834
41197,527743.5947405851
41198,584851.6812168054
41199,84383.18451613707
41200,545143.0249695482
41201,586750.0939702032
41202,469273.98089435423
41203,173551.81020103677
41204,64726.51992968144
41205,413301.22020222613
41206,63303.010998226004
41207,128475.03169076581
41208,405764.5450044248
41209,529909.9403648245
41210,462370.9753570361
41211,498341.9287903943
41212,49273.54277517831
41213,463927.1285592423
41214,412667.4017848784
41215,518379.5036575918
41216,59388.62982594479
41217,56627.327880307705
41218,164588.8606807131
41219,78986.76962465899
41220,428594.55551811
41221,440823.43773146713
41222,522184.37244109623
41223,473313.0231750271
41224,469484.88513057923
41225,488798.91422114626
41226,97916.68627930047
41227,137102.2257937889
41228,513177.1350680264
41229,532084.5126642258
41230,58173.397007939064
41231,451611.98575747677
41232,514734.6665528141
41233,68928.88522414195
41234,194179.05192136564
41235,53151.855445375324
41236,590625.7190181736
41237,193885.57417590532
41238,76586.42988648906
41239,473102.1189388021
41240,512247.9452279466
41241,55294.53204818438
41242,427631.90990323335
41243,78046.41164991395
41244,48269.52985557327
41245,555745.326920232
41246,417320.4687339849
41247,420351.672648432
41248,72481.41975851629
41249,477115.9451845016
41250,80350.06588334785
41251,506840.83300423506
41252,158639.50398482193
41253,181837.5289827575
41254,77454.70084311864
41255,539994.9811650976
41256,83209.79516439752
41257,49793.89033410835
41258,412521.2566615248
41259,457011.12610388926
41260,429728.2249114924
41261,506198.44099694956
41262,137102.2257937889
41263,49273.54277517831
41264,496844.85265350883
41265,456265.0527065833
41266,131264.8157896879
41267,128336.37295388714
41268,463927.1285592423
41269,573095.1730316436
41270,545785.4169768337
41271,73481.14300401145
41272,63963.516390697885
41273,108412.49307507277
41274,587554.7606757885
41275,76074.88097391055
41276,148206.89169569343
41277,512247.9452279466
41278,506198.44099694956
41279,118083.62145358614
41280,469484.88513057923
41281,52652.88964337572
41282,473102.1189388021
41283,584851.6812168054
41284,463927.1285592423
41285,97552.38580210485
41286,522571.0481150841
41287,49793.89033410835
41288,52652.88964337572
41289,473313.0231750271
41290,357440.39118509315
41291,513388.0393042512
41292,512589.3849826907
41293,528921.1723584845
41294,540985.5458943306
41295,420351.672648432
41296,56627.327880307705
41297,49273.54277517831
41298,68742.55155698738
41299,547294.8053069984
41300,560897.7429014475
41301,53261.37881750386
41302,571824.5455649394
41303,473102.1189388021
41304,60848.20725948444
41305,232198.26451900954
41306,451611.98575747677
41307,56627.327880307705
41308,545143.0249695482
41309,533738.0784092724
41310,121023.42169377868
41311,573095.1730316436
41312,467610.63964592764
41313,63963.516390697885
41314,511853.1321561021
41315,462370.9753570361
41316,482386.4922249876
41317,516901.0121770535
41318,145578.08327225462
41319,571182.1535576539
41320,56627.327880307705
41321,253731.61004355518
41322,519887.08253402944
41323,52096.62544297536
41324,596391.7045100462
41325,470343.7959924929
41326,530145.6723504429
41327,214595.6911757051
41328,500555.12100113777
41329,57983.67934383794
41330,427631.90990323335
41331,538177.3430632553
41332,592727.3073012893
41333,498984.3207976798
41334,519851.88778256805
41335,73924.09743018344
41336,457497.5245758406
41337,489005.3983997538
41338,53261.37881750386
41339,49793.89033410835
41340,267003.6303424465
41341,68201.99236461378
41342,150578.5151557217
41343,217811.9962743414
41344,166315.64228140208
41345,519075.5844764548
41346,519887.08253402944
41347,51728.34651391989
41348,513599.23452675034
41349,148938.849339064
41350,51728.34651391989
41351,49273.54277517831
41352,175721.95462684546
41353,91004.86684060539
41354,573095.1730316436
41355,425530.18484929577
41356,512247.9452279466
41357,522571.0481150841
41358,53151.855445375324
41359,61189.72559396027
41360,545143.0249695482
41361,68201.99236461378
41362,522184.37244109623
41363,65778.3306067108
41364,451822.88999370177
41365,451822.88999370177
41366,237142.65834070314
41367,521541.98043381074
41368,49273.54277517831
41369,544851.5771851169
41370,519887.08253402944
41371,512247.9452279466
41372,463927.1285592423
41373,451076.8165963958
41374,451076.8165963958
41375,418118.85389945214
41376,61295.77383834418
41377,451611.98575747677
41378,61473.159525189454
41379,68324.3186259945
41380,568754.2551080029
41381,527743.5947405851
41382,67071.86628179459
41383,78279.95485237974
41384,584851.6812168054
41385,77709.51780434509
41386,198879.98849019548
41387,232198.26451900954
41388,514734.6665528141
41389,547524.5319360729
41390,413549.8881507175
41391,498984.3207976798
41392,500957.47716222116
41393,68324.3186259945
41394,533738.0784092724
41395,469484.88513057923
41396,62698.444400078566
41397,60848.20725948444
41398,142884.63989422424
41399,74131.62614774748
41400,522071.585505039
41401,72641.2109657007
41402,451076.8165963958
41403,422652.7463986184
41404,153220.27482678066
41405,78039.1885357903
41406,102524.33032323165
41407,70697.18272287257
41408,471783.6407657977
41409,232198.26451900954
41410,61070.07804966908
41411,463927.1285592423
41412,547524.5319360729
41413,195032.7379174786
41414,60848.20725948444
41415,522571.0481150841
41416,68201.99236461378
41417,500555.12100113777
41418,147833.744443178
41419,592727.3073012893
41420,486704.0360882249
41421,451611.98575747677
41422,451822.88999370177
41423,412132.23262379743
41424,267003.6303424465
41425,56627.327880307705
41426,451611.98575747677
41427,519980.74502305867
41428,116497.58672667714
41429,60848.20725948444
41430,532084.5126642258
41431,213087.94339925962
41432,487141.9618785602
41433,58173.397007939064
41434,527743.5947405851
41435,560897.7429014475
41436,451822.88999370177
41437,560897.7429014475
41438,588535.1923034907
41439,91163.26516401416
41440,56782.529162130064
41441,526519.5863213217
41442,451076.8165963958
41443,419180.13954815804
41444,512247.9452279466
41445,574581.4672007225
41446,547581.1090219168
41447,545143.0249695482
41448,469484.88513057923
41449,521541.98043381074
41450,469484.88513057923
41451,528175.0989611786
41452,514734.6665528141
41453,469484.88513057923
41454,52614.23503941558
41455,451611.98575747677
41456,573095.1730316436
41457,482716.93607496825
41458,307794.77973538864
41459,473102.1189388021
41460,83981.45573310116
41461,417320.4687339849
41462,569372.1442942383
41463,49273.54277517831
41464,547888.8147136766
41465,498984.3207976798
41466,473313.0231750271
41467,539352.5891578121
41468,469484.88513057923
41469,49273.54277517831
41470,182459.77037802496
41471,92221.94945426694
41472,541968.1375296392
41473,65778.3306067108
41474,552175.6097389742
41475,506840.83300423506
41476,511501.8718306407
41477,532084.5126642258
41478,495524.0137186851
41479,543841.0208493875
41480,94678.94934047788
41481,574581.4672007225
41482,571824.5455649394
41483,584851.6812168054
41484,566688.1787131836
41485,451611.98575747677
41486,500555.12100113777
41487,451822.88999370177
41488,560897.7429014475
41489,49793.89033410835
41490,63303.010998226004
41491,519887.08253402944
41492,64542.207301144364
41493,51728.34651391989
41494,102884.97426530885
41495,95363.4267329038
41496,579124.3697068403
41497,61388.76645185804
41498,563581.7084825021
41499,519887.08253402944
41500,500555.12100113777
41501,111802.94721561944
41502,72596.10120889259
41503,469484.88513057923
41504,451076.8165963958
41505,516901.0121770535
41506,468285.2128880143
41507,498341.9287903943
41508,61388.76645185804
41509,464553.67731759173
41510,79480.5474560591
41511,470343.7959924929
41512,566688.1787131836
41513,512247.9452279466
41514,506198.44099694956
41515,473102.1189388021
41516,476852.32062835264
41517,512247.9452279466
41518,146097.41509374688
41519,473102.1189388021
41520,418969.23531193304
41521,61361.321502664105
41522,532593.9059458792
41523,257537.60508906498
41524,439973.49164905463
41525,584851.6812168054
41526,49273.54277517831
41527,58160.36018389169
41528,559390.4811618449
41529,512247.9452279466
41530,56627.327880307705
41531,62663.02147549741
41532,237139.4449926179
41533,469273.98089435423
41534,49969.51065755451
41535,54269.71550998548
41536,314364.57609852264
41537,113547.10601714431
41538,106474.86543126772
41539,495439.5505399943
41540,560897.7429014475
41541,81863.02648075811
41542,462370.9753570361
41543,513472.4452199048
41544,102883.71626823163
41545,519887.08253402944
41546,512247.9452279466
41547,533738.0784092724
41548,53962.36320452582
41549,539352.5891578121
41550,175721.95462684546
41551,63963.516390697885
41552,210520.04786098155
41553,573095.1730316436
41554,563882.3284949054
41555,473313.0231750271
41556,491979.04485302046
41557,85671.13797389521
41558,469416.30194330064
41559,65434.38890842095
41560,74236.1607313989
41561,491979.04485302046
41562,456475.9569428083
41563,500555.12100113777
41564,595411.272882344
41565,563581.7084825021
41566,450865.9123601708
41567,490176.64293868525
41568,175721.95462684546
41569,111769.98061312333
41570,63963.516390697885
41571,512247.9452279466
41572,527743.5947405851
41573,519887.08253402944
41574,65778.3306067108
41575,94880.57147845587
41576,469273.98089435423
41577,317048.5416795773
41578,584851.6812168054
41579,580951.6852381991
41580,473102.1189388021
41581,217120.78874345866
41582,454094.706722608
41583,476601.4840909501
41584,481637.9547531332
41585,60848.20725948444
41586,232198.26451900954
41587,489561.6550127436
41588,430540.30115798087
41589,486493.1318519999
41590,527743.5947405851
41591,259151.46053534694
41592,519887.08253402944
41593,451822.88999370177
41594,49273.54277517831
41595,63843.57019059962
41596,72623.64311645941
41597,103200.8138877245
41598,105236.74206293149
41599,544851.5771851169
41600,300564.25043578853
41601,514215.07329848345
41602,456475.9569428083
41603,477862.01858180756
41604,369583.79584389547
41605,431460.0479476812
41606,451611.98575747677
41607,450865.9123601708
41608,175550.68708304546
41609,469484.88513057923
41610,191359.86599297976
41611,491979.04485302046
41612,560897.7429014475
41613,68058.77303338803
41614,562833.5779239655
41615,456475.9569428083
41616,49982.79118637188
41617,67698.80709049606
41618,485212.9448330394
41619,516901.0121770535
41620,476971.24208485486
41621,450865.9123601708
41622,473102.1189388021
41623,544851.5771851169
41624,560710.9653820973
41625,162289.3415474952
41626,56631.42053585135
41627,512247.9452279466
41628,60848.20725948444
41629,394908.54845800047
41630,469273.98089435423
41631,48789.87741450328
41632,473102.1189388021
41633,111780.63179416482
41634,533738.0784092724
41635,529909.9403648245
41636,476852.32062835264
41637,83981.45573310116
41638,83981.45573310116
41639,77454.70084311864
41640,51123.458517453924
41641,543841.0208493875
41642,456265.0527065833
41643,473313.0231750271
41644,517647.0855743594
41645,61473.159525189454
41646,521973.4682048713
41647,518133.4840463105
41648,230964.10056687257
41649,511501.8718306407
41650,74714.01940676058
41651,462370.9753570361
41652,451822.88999370177
41653,452170.9217792508
41654,52652.88964337572
41655,473102.1189388021
41656,82898.37804639994
41657,68928.88522414195
41658,496365.0619111667
41659,560897.7429014475
41660,571824.5455649394
41661,88004.55640875832
41662,450865.9123601708
41663,65434.38890842095
41664,74284.06337307538
41665,553679.2505254127
41666,506878.1543462585
41667,422863.6506348434
41668,81222.53272027681
41669,506840.83300423506
41670,498207.97929973976
41671,539528.5145090924
41672,236074.48501017477
41673,588535.1923034907
41674,460027.4339858062
41675,560086.2448438727
41676,512247.9452279466
41677,167671.16580311814
41678,72899.20519074757
41679,539739.4187453174
41680,544851.5771851169
41681,215091.8085565743
41682,519887.08253402944
41683,70433.23368672909
41684,68201.99236461378
41685,463927.1285592423
41686,405975.4492406498
41687,451822.88999370177
41688,451822.88999370177
41689,147385.81288333982
41690,450865.9123601708
41691,99747.17641062273
41692,439986.21879826067
41693,56627.327880307705
41694,451611.98575747677
41695,143744.38979920722
41696,498341.9287903943
41697,82566.09528118193
41698,512247.9452279466
41699,545785.4169768337
41700,512247.9452279466
41701,220702.46105276025
41702,144571.96379350722
41703,527743.5947405851
41704,113499.30922143708
41705,451076.8165963958
41706,512247.9452279466
41707,506878.1543462585
41708,86183.14762104921
41709,451611.98575747677
41710,68201.99236461378
41711,77486.61589027429
41712,517336.3071427763
41713,409592.6830488727
41714,440823.43773146713
41715,409803.5872850977
41716,83165.98489872871
41717,451076.8165963958
41718,70437.51662813897
41719,545143.0249695482
41720,574581.4672007225
41721,226622.3145733178
41722,451822.88999370177
41723,57594.60561473671
41724,469205.39770707564
41725,533738.0784092724
41726,394908.54845800047
41727,416523.53460398415
41728,506840.83300423506
41729,219450.05734368478
41730,473313.0231750271
41731,469273.98089435423
41732,80421.33905970141
41733,273671.2339224861
41734,532084.5126642258
41735,520445.8971892462
41736,537928.9047702783
41737,506198.44099694956
41738,452174.1503191628
41739,451822.88999370177
41740,60848.20725948444
41741,477862.01858180756
41742,560862.5481499861
41743,539739.4187453174
41744,208046.9865161519
41745,56455.80021240519
41746,495524.0137186851
41747,477562.6055053627
41748,139211.23809040122
41749,60848.20725948444
41750,97210.84359298412
41751,56627.327880307705
41752,526730.4905575466
41753,451822.88999370177
41754,519324.97047665383
41755,516901.0121770535
41756,573095.1730316436
41757,63007.02004833195
41758,529909.9403648245
41759,506840.83300423506
41760,74131.62614774748
41761,103095.87850153388
41762,519887.08253402944
41763,140743.55093643416
41764,63303.010998226004
41765,68201.99236461378
41766,560897.7429014475
41767,451611.98575747677
41768,560897.7429014475
41769,513480.3130702481
41770,521541.98043381074
41771,486704.0360882249
41772,571824.5455649394
41773,138272.04598485486
41774,490387.54717491026
41775,121026.8318510429
41776,136254.8697412334
41777,560897.7429014475
41778,215572.72954305995
41779,563325.6413510984
41780,451822.88999370177
41781,545143.0249695482
41782,451822.88999370177
41783,506840.83300423506
41784,409592.6830488727
41785,422652.7463986184
41786,60848.20725948444
41787,560897.7429014475
41788,451676.7448703482
41789,65074.45350119966
41790,590402.3224596666
41791,64726.51992968144
41792,513966.4053499921
41793,84463.64662365103
41794,61189.72559396027
41795,486373.387929943
41796,74284.06337307538
41797,51728.34651391989
41798,529909.9403648245
41799,53151.855445375324
41800,496365.0619111667
41801,588535.1923034907
41802,551697.533055943
41803,85169.78140014553
41804,81742.59264066855
41805,97322.4099554407
41806,473102.1189388021
41807,473313.0231750271
41808,517336.3071427763
41809,506840.83300423506
41810,564363.193871561
41811,491979.04485302046
41812,203338.41366052305
41813,54804.12728233305
41814,90462.4738091778
41815,512247.9452279466
41816,456475.9569428083
41817,474947.8293082334
41818,571310.0746983561
41819,519887.08253402944
41820,68201.99236461378
41821,480912.14407037105
41822,533738.0784092724
41823,121023.42169377868
41824,588535.1923034907
41825,506878.1543462585
41826,68058.77303338803
41827,51123.458517453924
41828,545785.4169768337
41829,584851.6812168054
41830,451822.88999370177
41831,573095.1730316436
41832,135567.40532186232
41833,433078.6740179401
41834,137102.2257937889
41835,105557.77155255788
41836,451822.88999370177
41837,539739.4187453174
41838,456265.0527065833
41839,179594.44028934487
41840,64726.51992968144
41841,485212.9448330394
41842,60848.20725948444
41843,451822.88999370177
41844,149621.51587218547
41845,120812.51745755365
41846,66920.54847190103
41847,469484.88513057923
41848,212008.90010615854
41849,101266.42209632587
41850,60083.80784144849
41851,48789.87741450328
41852,85316.11784799649
41853,573095.1730316436
41854,198811.81012277532
41855,128557.15883550479
41856,511501.8718306407
41857,486493.1318519999
41858,101266.42209632587
41859,190121.14030686812
41860,565778.5473334233
41861,473313.0231750271
41862,51123.458517453924
41863,488798.91422114626
41864,405975.4492406498
41865,560897.7429014475
41866,566688.1787131836
41867,76104.5960573347
41868,451611.98575747677
41869,161690.75189478867
41870,450865.9123601708
41871,102696.55330694618
41872,176755.99153862314
41873,405764.5450044248
41874,533738.0784092724
41875,584851.6812168054
41876,90805.08794972936
41877,48269.52985557327
41878,241716.36338546866
41879,588535.1923034907
41880,512992.264902915
41881,390235.4765748184
41882,527743.5947405851
41883,584851.6812168054
41884,153009.37059055563
41885,500555.12100113777
41886,512589.3849826907
41887,456475.9569428083
41888,543841.0208493875
41889,547524.5319360729
41890,563325.6413510984
41891,574581.4672007225
41892,469273.98089435423
41893,491979.04485302046
41894,469416.30194330064
41895,49793.89033410835
41896,451822.88999370177
41897,512247.9452279466
41898,51728.34651391989
41899,451611.98575747677
41900,519887.08253402944
41901,544851.5771851169
41902,547888.8147136766
41903,527743.5947405851
41904,133004.1212107585
41905,56627.327880307705
41906,56627.327880307705
41907,529909.9403648245
41908,43352.00408082252
41909,63303.010998226004
41910,482597.3964612126
41911,96252.06826554658
41912,81848.64138199457
41913,56627.327880307705
41914,512247.9452279466
41915,482597.3964612126
41916,512247.9452279466
41917,105557.77155255788
41918,83181.78403274949
41919,73374.68542377501
41920,469484.88513057923
41921,561234.5558075353
41922,512247.9452279466
41923,68201.99236461378
41924,496365.0619111667
41925,60848.20725948444
41926,557027.4542954119
41927,121366.08622759386
41928,70553.22311234672
41929,463927.1285592423
41930,75455.03960112404
41931,451611.98575747677
41932,486493.1318519999
41933,224368.9485672224
41934,500555.12100113777
41935,519887.08253402944
41936,451611.98575747677
41937,469273.98089435423
41938,81902.20176853864
41939,527743.5947405851
41940,79640.17558023763
41941,451611.98575747677
41942,253689.35603184288
41943,179594.44028934487
41944,476852.32062835264
41945,468981.1655505237
41946,472168.8507116339
41947,82112.43560208689
41948,469273.98089435423
41949,571824.5455649394
41950,451611.98575747677
41951,488798.91422114626
41952,75763.57696080343
41953,547209.1013643675
41954,56627.327880307705
41955,422863.6506348434
41956,480032.97049391357
41957,512247.9452279466
41958,66774.36559461811
41959,512247.9452279466
41960,103203.2931847277
41961,52652.88964337572
41962,545785.4169768337
41963,71087.89790910056
41964,547524.5319360729
41965,483861.10853836144
41966,237139.4449926179
41967,101710.59560214746
41968,563581.7084825021
41969,276545.6107486651
41970,584851.6812168054
41971,545143.0249695482
41972,61900.34043649163
41973,76014.2651178562
41974,498341.9287903943
41975,529909.9403648245
41976,489005.3983997538
41977,411921.32838757243
41978,64779.28523441488
41979,69469.44441651556
41980,118486.89221624567
41981,563581.7084825021
41982,120549.44038725624
41983,159982.26739405838
41984,482386.4922249876
41985,469273.98089435423
41986,512247.9452279466
41987,518133.4840463105
41988,451611.98575747677
41989,574581.4672007225
41990,500555.12100113777
41991,451611.98575747677
41992,196366.41630513637
41993,439973.49164905463
41994,425281.5169008044
41995,56455.80021240519
41996,128176.49282581735
41997,451822.88999370177
41998,52652.88964337572
41999,91534.66565292011
42000,532084.5126642258
42001,539352.5891578121
42002,590402.3224596666
42003,75356.29051392585
42004,194179.05192136564
42005,513177.1350680264
42006,405764.5450044248
42007,451611.98575747677
42008,543841.0208493875
42009,476852.32062835264
42010,430329.39692175586
42011,532084.5126642258
42012,512247.9452279466
42013,112565.45172504107
42014,506878.1543462585
42015,503478.8003537735
42016,208046.9865161519
42017,469484.88513057923
42018,469273.98089435423
42019,51123.458517453924
42020,471957.9464754089
42021,451822.88999370177
42022,73564.29307481207
42023,539941.0248707812
42024,580951.6852381991
42025,551697.533055943
42026,560897.7429014475
42027,447830.00385561003
42028,62208.62619819374
42029,469484.88513057923
42030,512247.9452279466
42031,60848.20725948444
42032,198637.4996703135
42033,506878.1543462585
42034,573095.1730316436
42035,80946.65191837892
42036,61073.464839153516
42037,68684.52624167435
42038,172277.9950028431
42039,576979.088136717
42040,469273.98089435423
42041,517647.0855743594
42042,56627.327880307705
42043,545785.4169768337
42044,116843.60083090079
42045,70139.13284200752
42046,545785.4169768337
42047,479285.4496720048
42048,84241.02199024777
42049,529909.9403648245
42050,143012.72540273037
42051,173241.62069271464
42052,128070.39086532002
42053,208840.84713392815
42054,473313.0231750271
42055,122368.26906702359
42056,82867.7636591403
42057,512247.9452279466
42058,56627.327880307705
42059,514734.6665528141
42060,56627.327880307705
42061,539941.0248707812
42062,473313.0231750271
42063,486373.387929943
42064,491979.04485302046
42065,61050.59691230033
42066,51728.34651391989
42067,469484.88513057923
42068,473102.1189388021
42069,451217.17268563184
42070,476601.4840909501
42071,49793.89033410835
42072,506878.1543462585
42073,545143.0249695482
42074,56627.327880307705
42075,511501.8718306407
42076,418277.4463675159
42077,68928.88522414195
42078,542216.8054781306
42079,232198.26451900954
42080,544851.5771851169
42081,78968.65681489953
42082,55294.53204818438
42083,92845.8132324703
42084,63961.034131402266
42085,198957.0527943475
42086,564524.7205021909
42087,85435.10344051321
42088,78487.18942567107
42089,529909.9403648245
42090,496655.42642770166
42091,470343.7959924929
42092,60848.20725948444
42093,451611.98575747677
42094,77058.19651046036
42095,560897.7429014475
42096,71284.25863252854
42097,151813.94379215586
42098,177011.23822211777
42099,539739.4187453174
42100,530427.5603216396
42101,96807.75617992345
42102,512247.9452279466
42103,469484.88513057923
42104,173241.62069271464
42105,68201.99236461378
42106,67871.07230048574
42107,511501.8718306407
42108,420670.33965151897
42109,495807.18289746833
42110,173241.62069271464
42111,49273.54277517831
42112,512247.9452279466
42113,516901.0121770535
42114,97552.38580210485
42115,56627.327880307705
42116,469273.98089435423
42117,412667.4017848784
42118,60848.20725948444
42119,481462.8732398271
42120,506840.83300423506
42121,78948.8692661835
42122,573095.1730316436
42123,494040.07706954406
42124,68201.99236461378
42125,506198.44099694956
42126,500555.12100113777
42127,500555.12100113777
42128,405456.6338213348
42129,463927.1285592423
42130,511501.8718306407
42131,196863.01750242032
42132,71284.25863252854
42133,566688.1787131836
42134,460027.4339858062
42135,512781.36066669
42136,517336.3071427763
42137,519887.08253402944
42138,463927.1285592423
42139,498984.3207976798
42140,519887.08253402944
42141,103523.70562369033
42142,483028.88423227303
42143,512247.9452279466
42144,53660.50374064296
42145,469273.98089435423
42146,139301.04255364402
42147,573095.1730316436
42148,137315.49156810678
42149,543841.0208493875
42150,60848.20725948444
42151,64588.46865640287
42152,49273.54277517831
42153,405975.4492406498
42154,465088.8464786727
42155,70604.75867717536
42156,78182.96078107765
42157,69953.3602902545
42158,467770.1157034486
42159,460027.4339858062
42160,450865.9123601708
42161,511501.8718306407
42162,514734.6665528141
42163,538992.7678053599
42164,547294.8053069984
42165,94036.76367027992
42166,60848.20725948444
42167,584851.6812168054
42168,88995.35261259749
42169,49273.54277517831
42170,62463.98061759963
42171,522184.37244109623
42172,55451.78729280016
42173,58173.397007939064
42174,63303.010998226004
42175,573095.1730316436
42176,456475.9569428083
42177,74944.11284570834
42178,49969.51065755451
42179,451822.88999370177
42180,49793.89033410835
42181,486493.1318519999
42182,86815.3459170629
42183,472168.8507116339
42184,488798.91422114626
42185,119860.17595229861
42186,417531.3729702099
42187,81901.37265175077
42188,473313.0231750271
42189,128070.39086532002
42190,469273.98089435423
42191,584851.6812168054
42192,207836.08227992686
42193,573095.1730316436
42194,77458.80934337029
42195,539941.0248707812
42196,564586.590430068
42197,588535.1923034907
42198,566688.1787131836
42199,545143.0249695482
42200,539941.0248707812
42201,86826.25501865095
42202,469273.98089435423
42203,64726.51992968144
42204,64862.882011147725
42205,506840.83300423506
42206,60848.20725948444
42207,573095.1730316436
42208,72849.28502213019
42209,451076.8165963958
42210,532084.5126642258
42211,451822.88999370177
42212,405975.4492406498
42213,130164.0937508094
42214,51728.34651391989
42215,506840.83300423506
42216,49273.54277517831
42217,422863.6506348434
42218,519980.74502305867
42219,60848.20725948444
42220,101425.2612646909
42221,462370.9753570361
42222,75678.72771103468
42223,68201.99236461378
42224,560500.0611458723
42225,498984.3207976798
42226,506198.44099694956
42227,450865.9123601708
42228,68201.99236461378
42229,56455.80021240519
42230,512247.9452279466
42231,377310.98425786477
42232,539941.0248707812
42233,63303.010998226004
42234,61295.77383834418
42235,81663.14736317906
42236,574581.4672007225
42237,60848.20725948444
42238,532593.9059458792
42239,66379.98927952742
42240,405975.4492406498
42241,66922.04975935351
42242,513652.79605609097
42243,512589.3849826907
42244,512247.9452279466
42245,408659.4148217045
42246,56627.327880307705
42247,61826.617408498954
42248,60127.652113031
42249,97213.2922247483
42250,473313.0231750271
42251,469273.98089435423
42252,451822.88999370177
42253,547524.5319360729
42254,480912.14407037105
42255,552769.6191456524
42256,64000.25248974217
42257,111038.03811512733
42258,217811.9962743414
42259,71877.54570384495
42260,60848.20725948444
42261,538215.2075643487
42262,522184.37244109623
42263,76990.09669214918
42264,220702.46105276025
42265,523812.1873474513
42266,70139.13284200752
42267,526519.5863213217
42268,62663.02147549741
42269,469484.88513057923
42270,456265.0527065833
42271,419180.13954815804
42272,549343.1787046355
42273,501206.1451107125
42274,68201.99236461378
42275,70478.82245975228
42276,521973.4682048713
42277,462370.9753570361
42278,217837.15768923404
42279,461624.90195973014
42280,75432.17610583045
42281,521541.98043381074
42282,68201.99236461378
42283,498984.3207976798
42284,543841.0208493875
42285,473102.1189388021
42286,451822.88999370177
42287,573095.1730316436
42288,148821.47340014682
42289,519887.08253402944
42290,464437.0051096278
42291,580951.6852381991
42292,460027.4339858062
42293,532593.9059458792
42294,475847.83607823204
42295,65778.3306067108
42296,118458.27487590809
42297,129425.63676629761
42298,545270.9461102502
42299,76263.15041256134
42300,94012.8690104712
42301,491979.04485302046
42302,69553.83748984696
42303,579718.3791135184
42304,528221.379938537
42305,506352.88106784265
42306,553085.2411187346
42307,70433.23368672909
42308,506198.44099694956
42309,116286.6824904521
42310,512247.9452279466
42311,513480.3130702481
42312,477862.01858180756
42313,68928.88522414195
42314,111758.92585669461
42315,162438.8259300197
42316,526730.4905575466
42317,486493.1318519999
42318,451611.98575747677
42319,430329.39692175586
42320,452422.81826765416
42321,178196.2510387892
42322,450865.9123601708
42323,471783.6407657977
42324,251001.36431126276
42325,49273.54277517831
42326,101710.59560214746
42327,573095.1730316436
42328,486373.387929943
42329,514734.6665528141
42330,451822.88999370177
42331,526236.0158641476
42332,486493.1318519999
42333,220343.66967590706
42334,451822.88999370177
42335,469484.88513057923
42336,592727.3073012893
42337,461959.45864784665
42338,529909.9403648245
42339,74805.01846975823
42340,444834.88079793163
42341,176755.99153862314
42342,498984.3207976798
42343,210544.41181654294
42344,498341.9287903943
42345,84069.5225409036
42346,62663.02147549741
42347,73356.27351558022
42348,526136.4811508685
42349,491979.04485302046
42350,584851.6812168054
42351,529909.9403648245
42352,526519.5863213217
42353,505615.93301334954
42354,514734.6665528141
42355,512247.9452279466
42356,560897.7429014475
42357,461959.45864784665
42358,512247.9452279466
42359,126294.00100749503
42360,480032.97049391357
42361,469273.98089435423
42362,71274.2315762551
42363,584851.6812168054
42364,463927.1285592423
42365,498984.3207976798
42366,527743.5947405851
42367,418969.23531193304
42368,469484.88513057923
42369,60848.20725948444
42370,60848.20725948444
42371,504238.6320878231
42372,48789.87741450328
42373,500555.12100113777
42374,68201.99236461378
42375,197859.46631950082
42376,560767.5015291462
42377,66869.71202566137
42378,63303.010998226004
42379,72857.20757927463
42380,111769.98061312333
42381,68123.67695882398
42382,498984.3207976798
42383,64779.28523441488
42384,469273.98089435423
42385,573095.1730316436
42386,500794.83477271884
42387,563581.7084825021
42388,49793.89033410835
42389,149553.94219257904
42390,462370.9753570361
42391,150739.74791142985
42392,587659.7253499635
42393,498984.3207976798
42394,272013.157017159
42395,512247.9452279466
42396,49273.54277517831
42397,56627.327880307705
42398,208840.84713392815
42399,56627.327880307705
42400,469484.88513057923
42401,464553.67731759173
42402,508411.6332076932
42403,135987.45504252065
42404,471783.6407657977
42405,73481.14300401145
42406,217793.2612495344
42407,138902.99341766458
42408,100487.87136643151
42409,83032.37479272229
42410,113372.1863984412
42411,56627.327880307705
42412,498341.9287903943
42413,477862.01858180756
42414,489005.3983997538
42415,512247.9452279466
42416,465088.8464786727
42417,62208.62619819374
42418,506840.83300423506
42419,68201.99236461378
42420,463927.1285592423
42421,472168.8507116339
42422,65684.12728350761
42423,422863.6506348434
42424,451611.98575747677
42425,451822.88999370177
42426,336759.84581018734
42427,506198.44099694956
42428,85700.89909228486
42429,488798.91422114626
42430,62663.02147549741
42431,512247.9452279466
42432,98496.60696021312
42433,267003.6303424465
42434,451611.98575747677
42435,573095.1730316436
42436,416565.009120584
42437,560767.5015291462
42438,566688.1787131836
42439,71284.25863252854
42440,469273.98089435423
42441,63303.010998226004
42442,483239.78846849804
42443,55451.78729280016
42444,99958.08064684777
42445,49273.54277517831
42446,54108.648009821336
42447,232198.26451900954
42448,498341.9287903943
42449,265255.6545821917
42450,49982.79118637188
42451,504144.81179087784
42452,465088.8464786727
42453,50120.61928383322
42454,447830.00385561003
42455,156642.1311241352
42456,424119.5754054081
42457,486704.0360882249
42458,528815.9846567662
42459,94012.8690104712
42460,532084.5126642258
42461,110856.63430811786
42462,56627.327880307705
42463,511501.8718306407
42464,81295.36167207207
42465,131269.26629931538
42466,130672.88513522419
42467,77829.07933386917
42468,451822.88999370177
42469,560897.7429014475
42470,560897.7429014475
42471,64154.171410494775
42472,527743.5947405851
42473,236853.49640041078
42474,505615.93301334954
42475,236583.27839875306
42476,49273.54277517831
42477,543841.0208493875
42478,463927.1285592423
42479,451822.88999370177
42480,476601.4840909501
42481,106356.72799170345
42482,506878.1543462585
42483,198740.67158822683
42484,498984.3207976798
42485,588535.1923034907
42486,494663.01043407514
42487,67698.80709049606
42488,486704.0360882249
42489,491979.04485302046
42490,217049.85698926626
42491,155955.53840376725
42492,498341.9287903943
42493,64956.48034807198
42494,476971.24208485486
42495,500794.83477271884
42496,61497.544886679396
42497,512247.9452279466
42498,519887.08253402944
42499,560897.7429014475
42500,412132.23262379743
42501,584851.6812168054
42502,84682.90836604375
42503,546626.5933807674
42504,528221.379938537
42505,147894.28173073006
42506,512247.9452279466
42507,405975.4492406498
42508,545143.0249695482
42509,568754.2551080029
42510,83207.60287597711
42511,89641.33024328244
42512,77540.55569974131
42513,60884.74125736023
42514,498341.9287903943
42515,254079.58934381237
42516,63644.52933270184
42517,60848.20725948444
42518,405764.5450044248
42519,440836.60021074157
42520,499352.15176313295
42521,67187.34426592574
42522,462370.9753570361
42523,68201.99236461378
42524,512589.3849826907
42525,571182.1535576539
42526,51728.34651391989
42527,476660.81101463956
42528,94001.81425404249
42529,117023.57456867759
42530,451822.88999370177
42531,527743.5947405851
42532,556668.2082956354
42533,80985.50204049621
42534,486162.483693718
42535,60848.20725948444
42536,78705.33521309363
42537,491979.04485302046
42538,148456.63231729015
42539,68201.99236461378
42540,76627.54798368983
42541,68928.88522414195
42542,49793.89033410835
42543,68201.99236461378
42544,541968.1375296392
42545,482597.3964612126
42546,66869.71202566137
42547,545270.9461102502
42548,85462.37636173435
42549,68928.88522414195
42550,213087.94339925962
42551,545785.4169768337
42552,474947.8293082334
42553,129142.96012747531
42554,101194.74729851043
42555,480032.97049391357
42556,181567.37471232595
42557,519887.08253402944
42558,521331.0761975858
42559,479285.4496720048
42560,210142.64946199564
42561,122287.54275786667
42562,539994.9811650976
42563,512247.9452279466
42564,56631.42053585135
42565,506878.1543462585
42566,68201.99236461378
42567,65298.052121352564
42568,473313.0231750271
42569,566688.1787131836
42570,101054.327454128
42571,470878.96515357384
42572,178196.2510387892
42573,49273.54277517831
42574,512247.9452279466
42575,84356.16269591088
42576,73356.27351558022
42577,254200.2859799984
42578,137102.2257937889
42579,394697.64422177547
42580,491979.04485302046
42581,70372.69201975562
42582,463927.1285592423
42583,112255.1644303762
42584,461624.90195973014
42585,283368.99023762386
42586,75796.4036741454
42587,469273.98089435423
42588,418969.23531193304
42589,473313.0231750271
42590,519887.08253402944
42591,530427.5603216396
42592,77195.06250266217
42593,522571.0481150841
42594,418118.85389945214
42595,451822.88999370177
42596,56627.327880307705
42597,539739.4187453174
42598,117025.41852961102
42599,450865.9123601708
42600,92012.57929997354
42601,538992.7678053599
42602,56455.80021240519
42603,58330.342178378276
42604,526730.4905575466
42605,56627.327880307705
42606,88667.91469149054
42607,506878.1543462585
42608,512247.9452279466
42609,469484.88513057923
42610,473102.1189388021
42611,519887.08253402944
42612,55061.898280560665
42613,564586.590430068
42614,538992.7678053599
42615,498984.3207976798
42616,141159.1463383423
42617,71699.86930106662
42618,527743.5947405851
42619,526236.0158641476
42620,416523.53460398415
42621,477115.9451845016
42622,116497.58672667714
42623,58165.76953048297
42624,70242.00074288859
42625,430329.39692175586
42626,473313.0231750271
42627,87127.32691724534
42628,524250.4488359158
42629,463927.1285592423
42630,104457.76920305268
42631,405764.5450044248
42632,592708.1934233608
42633,474736.9250720084
42634,477862.01858180756
42635,547851.493371653
42636,473313.0231750271
42637,500794.83477271884
42638,539528.5145090924
42639,45806.80781956408
42640,71612.44613333908
42641,107472.80419237299
42642,160626.87667269353
42643,75103.73912586014
42644,473102.1189388021
42645,584870.7950947338
42646,529909.9403648245
42647,496365.0619111667
42648,527743.5947405851
42649,526519.5863213217
42650,181808.05324638414
42651,49982.79118637188
42652,545785.4169768337
42653,68201.99236461378
42654,103596.4159166612
42655,96252.06826554658
42656,512247.9452279466
42657,592727.3073012893
42658,526730.4905575466
42659,506878.1543462585
42660,519887.08253402944
42661,498207.97929973976
42662,545143.0249695482
42663,471957.9464754089
42664,60848.20725948444
42665,471957.9464754089
42666,162289.3415474952
42667,512247.9452279466
42668,457708.4288120656
42669,486162.483693718
42670,469484.88513057923
42671,60848.20725948444
42672,80673.79496284241
42673,70170.41637615576
42674,544851.5771851169
42675,49273.54277517831
42676,471089.86938979884
42677,506878.1543462585
42678,56455.80021240519
42679,303170.5391163291
42680,74591.73986615463
42681,530768.8512267383
42682,480912.14407037105
42683,451822.88999370177
42684,52127.471437058986
42685,68267.7381589498
42686,539528.5145090924
42687,451465.8406341232
42688,557911.9419400329
42689,450865.9123601708
42690,545060.0418740252
42691,79055.59030723706
42692,527743.5947405851
42693,469273.98089435423
42694,102566.28268160118
42695,569372.1442942383
42696,110795.7863383209
42697,74714.01940676058
42698,450865.9123601708
42699,464342.77308136673
42700,178196.2510387892
42701,569372.1442942383
42702,49273.54277517831
42703,172284.64305918367
42704,521541.98043381074
42705,539352.5891578121
42706,469273.98089435423
42707,51123.458517453924
42708,469273.98089435423
42709,208046.9865161519
42710,69469.44441651556
42711,98063.27733479542
42712,60848.20725948444
42713,418969.23531193304
42714,56627.327880307705
42715,451611.98575747677
42716,60848.20725948444
42717,500957.47716222116
42718,58173.397007939064
42719,543841.0208493875
42720,473102.1189388021
42721,61678.03143730096
42722,68201.99236461378
42723,527743.5947405851
42724,429551.53315164096
42725,539994.9811650976
42726,450865.9123601708
42727,68324.3186259945
42728,243445.90492715017
42729,573095.1730316436
42730,513652.79605609097
42731,539994.9811650976
42732,551697.533055943
42733,483861.10853836144
42734,588535.1923034907
42735,506198.44099694956
42736,101778.08888423393
42737,102485.64907072118
42738,456475.9569428083
42739,473313.0231750271
42740,49793.89033410835
42741,56431.23683854597
42742,68928.88522414195
42743,61388.76645185804
42744,498341.9287903943
42745,560897.7429014475
42746,49273.54277517831
42747,498341.9287903943
42748,473313.0231750271
42749,565778.5473334233
42750,573095.1730316436
42751,519887.08253402944
42752,67282.67906929797
42753,229635.29088139127
42754,501896.58927609946
42755,170566.03562039786
42756,104986.10417869184
42757,530427.5603216396
42758,49793.89033410835
42759,529909.9403648245
42760,547581.1090219168
42761,164374.71747584335
42762,111154.35925854716
42763,60848.20725948444
42764,555381.0441426283
42765,469273.98089435423
42766,60243.640661337005
42767,477562.6055053627
42768,51728.34651391989
42769,482689.87684325763
42770,473102.1189388021
42771,451076.8165963958
42772,491979.04485302046
42773,54804.12728233305
42774,512247.9452279466
42775,506198.44099694956
42776,522571.0481150841
42777,51123.458517453924
42778,52652.88964337572
42779,159910.89631818925
42780,537928.9047702783
42781,411921.32838757243
42782,571182.1535576539
42783,469484.88513057923
42784,495524.0137186851
42785,588535.1923034907
42786,483861.10853836144
42787,451611.98575747677
42788,121291.0698445616
42789,139785.14373088832
42790,430540.30115798087
42791,205589.91441258762
42792,473102.1189388021
42793,82665.93572911248
42794,547524.5319360729
42795,532593.9059458792
42796,61826.617408498954
42797,108169.24470651962
42798,451611.98575747677
42799,80673.79496284241
42800,513480.3130702481
42801,125655.82497968676
42802,60848.20725948444
42803,462370.9753570361
42804,483747.5574001714
42805,419180.13954815804
42806,512247.9452279466
42807,86800.28286871921
42808,473102.1189388021
42809,60848.20725948444
42810,462370.9753570361
42811,61388.76645185804
42812,529909.9403648245
42813,175424.82744164224
42814,80936.84957469255
42815,72845.62083538059
42816,60848.20725948444
42817,63303.010998226004
42818,451611.98575747677
42819,532084.5126642258
42820,148938.849339064
42821,450865.9123601708
42822,529909.9403648245
42823,469484.88513057923
42824,532084.5126642258
42825,87127.32691724534
42826,422652.7463986184
42827,512247.9452279466
42828,56627.327880307705
42829,109678.1029925929
42830,495524.0137186851
42831,512247.9452279466
42832,499492.6960325553
42833,471783.6407657977
42834,420351.672648432
42835,87564.3456863145
42836,511501.8718306407
42837,516901.0121770535
42838,464685.67305811914
42839,137102.2257937889
42840,521541.98043381074
42841,126275.00815821889
42842,58160.36018389169
42843,49273.54277517831
42844,512247.9452279466
42845,545143.0249695482
42846,105557.77155255788
42847,584851.6812168054
42848,545270.9461102502
42849,72481.79622654535
42850,62663.02147549741
42851,213087.94339925962
42852,451611.98575747677
42853,547851.493371653
42854,451076.8165963958
42855,473313.0231750271
42856,469416.30194330064
42857,471957.9464754089
42858,451611.98575747677
42859,72781.65163646989
42860,471783.6407657977
42861,486373.387929943
42862,529909.9403648245
42863,529909.9403648245
42864,580951.6852381991
42865,483239.78846849804
42866,504333.3537480478
42867,451611.98575747677
42868,495524.0137186851
42869,92012.57929997354
42870,417531.3729702099
42871,506198.44099694956
42872,105382.7467677632
42873,542372.1159548574
42874,69797.6319173261
42875,586750.0939702032
42876,72788.6070951157
42877,439973.49164905463
42878,469484.88513057923
42879,512247.9452279466
42880,500794.83477271884
42881,451822.88999370177
42882,97552.38580210485
42883,512247.9452279466
42884,528432.2841747621
42885,491979.04485302046
42886,63963.516390697885
42887,560897.7429014475
42888,588497.7726954772
42889,506198.44099694956
42890,207836.08227992686
42891,64316.490825343404
42892,456475.9569428083
42893,108468.09362219772
42894,480032.97049391357
42895,51123.458517453924
42896,87423.92012237773
42897,574581.4672007225
42898,543841.0208493875
42899,461624.90195973014
42900,526136.4811508685
42901,173030.7164564896
42902,172579.8346163119
42903,472168.8507116339
42904,495524.0137186851
42905,469484.88513057923
42906,516901.0121770535
42907,90887.90820842503
42908,55451.78729280016
42909,63407.04594210416
42910,469273.98089435423
42911,543841.0208493875
42912,482515.0855309141
42913,76345.01759339265
42914,74131.62614774748
42915,430540.30115798087
42916,528432.2841747621
42917,77883.88680991282
42918,476601.4840909501
42919,474947.8293082334
42920,560897.7429014475
42921,49793.89033410835
42922,68201.99236461378
42923,451076.8165963958
42924,67874.77526725373
42925,64726.51992968144
42926,571182.1535576539
42927,51123.458517453924
42928,464553.67731759173
42929,469484.88513057923
42930,483239.78846849804
42931,500555.12100113777
42932,173241.62069271464
42933,451822.88999370177
42934,532084.5126642258
42935,53151.855445375324
42936,68684.52624167435
42937,63303.010998226004
42938,488798.91422114626
42939,584851.6812168054
42940,217811.9962743414
42941,50806.57507876228
42942,467750.04372693336
42943,128233.63218726142
42944,52127.471437058986
42945,560897.7429014475
42946,450865.9123601708
42947,74273.35686775311
42948,545143.0249695482
42949,498341.9287903943
42950,592727.3073012893
42951,72007.02887138707
42952,574581.4672007225
42953,512247.9452279466
42954,508360.49675080844
42955,103210.00101367309
42956,68928.88522414195
42957,68686.30924403685
42958,471783.6407657977
42959,451822.88999370177
42960,60848.20725948444
42961,453142.89299121517
42962,74825.34951070539
42963,80405.53970012811
42964,62271.95128378694
42965,151825.03038114661
42966,472883.34841702343
42967,506840.83300423506
42968,539994.9811650976
42969,56627.327880307705
42970,519887.08253402944
42971,51728.34651391989
42972,486704.0360882249
42973,80938.56660073294
42974,469273.98089435423
42975,429551.53315164096
42976,463927.1285592423
42977,65351.47219538644
42978,229635.29088139127
42979,56455.80021240519
42980,451611.98575747677
42981,207836.08227992686
42982,226141.6201351415
42983,495524.0137186851
42984,547888.8147136766
42985,469484.88513057923
42986,545270.9461102502
42987,63472.00503762334
42988,68201.99236461378
42989,469484.88513057923
42990,58173.397007939064
42991,49793.89033410835
42992,498341.9287903943
42993,290043.72661470796
42994,63303.010998226004
42995,55072.9853991485
42996,60848.20725948444
42997,98068.04986934086
42998,473102.1189388021
42999,560897.7429014475
43000,102896.02902173757
43001,483861.10853836144
43002,68201.99236461378
43003,451822.88999370177
43004,70553.22311234672
43005,469273.98089435423
43006,461959.45864784665
43007,66774.36559461811
43008,99747.17641062273
43009,140438.54550139277
43010,486704.0360882249
43011,267152.28050255927
43012,563968.0333583839
43013,405764.5450044248
43014,480032.97049391357
43015,469484.88513057923
43016,543841.0208493875
43017,523553.04993868305
43018,500555.12100113777
43019,533454.8253770173
43020,232198.26451900954
43021,233205.89725696176
43022,522571.0481150841
43023,486373.387929943
43024,80733.1368041766
43025,124766.07332405742
43026,60925.023294985214
43027,63963.516390697885
43028,56627.327880307705
43029,63312.359102692346
43030,527743.5947405851
43031,465299.7507148977
43032,498984.3207976798
43033,560897.7429014475
43034,451611.98575747677
43035,542212.4800901471
43036,62542.6101451671
43037,81901.37265175077
43038,519887.08253402944
43039,68024.64261674274
43040,102524.33032323165
43041,466213.91627907415
43042,217765.10862852956
43043,235773.79279523983
43044,470343.7959924929
43045,101921.49983837246
43046,141324.28751297868
43047,74714.01940676058
43048,454094.706722608
43049,68201.99236461378
43050,204553.04354915948
43051,48269.52985557327
43052,495524.0137186851
43053,462370.9753570361
43054,60848.20725948444
43055,514734.6665528141
43056,68201.99236461378
43057,63336.081865697255
43058,539941.0248707812
43059,509853.7808412798
43060,495524.0137186851
43061,498984.3207976798
43062,136497.65919564146
43063,529909.9403648245
43064,62890.961766007924
43065,89208.24468177422
43066,76586.42988648906
43067,452170.9217792508
43068,584851.6812168054
43069,134955.29974863646
43070,498341.9287903943
43071,111424.55630964057
43072,451822.88999370177
43073,94001.81425404249
43074,60848.20725948444
43075,480032.97049391357
43076,506284.14493958035
43077,58118.477815305094
43078,545143.0249695482
43079,516297.2339363733
43080,75295.95722002443
43081,88876.6290986515
43082,525724.805949143
43083,472168.8507116339
43084,462370.9753570361
43085,516901.0121770535
43086,557911.9419400329
43087,514734.6665528141
43088,60848.20725948444
43089,451611.98575747677
43090,226141.6201351415
43091,560897.7429014475
43092,451611.98575747677
43093,526730.4905575466
43094,522571.0481150841
43095,519887.08253402944
43096,529909.9403648245
43097,529909.9403648245
43098,512247.9452279466
43099,136043.96550500835
43100,583976.2142632782
43101,474170.7517063782
43102,179142.21551446972
43103,53261.37881750386
43104,59993.196424092224
43105,48269.52985557327
43106,512247.9452279466
43107,565778.5473334233
43108,469273.98089435423
43109,122664.27769110783
43110,469273.98089435423
43111,527743.5947405851
43112,476971.24208485486
43113,469484.88513057923
43114,508360.49675080844
43115,85592.26701578575
43116,276598.8463795404
43117,82954.83626214134
43118,512247.9452279466
43119,460027.4339858062
43120,53743.41721580289
43121,451676.7448703482
43122,512247.9452279466
43123,512247.9452279466
43124,50120.61928383322
43125,63303.010998226004
43126,62457.39462707942
43127,522184.37244109623
43128,59706.42931152303
43129,488798.91422114626
43130,195744.9512259455
43131,56627.327880307705
43132,523514.0601347731
43133,420881.24388774397
43134,498341.9287903943
43135,519887.08253402944
43136,571182.1535576539
43137,405975.4492406498
43138,102524.33032323165
43139,64726.51992968144
43140,113165.88416310886
43141,60243.640661337005
43142,506878.1543462585
43143,66869.71202566137
43144,541728.2563908588
43145,495807.18289746833
43146,464226.1008734028
43147,460027.4339858062
43148,566688.1787131836
43149,117023.57456867759
43150,51123.458517453924
43151,469273.98089435423
43152,469273.98089435423
43153,512247.9452279466
43154,76803.70960493495
43155,568754.2551080029
43156,512247.9452279466
43157,119642.83450041707
43158,491979.04485302046
43159,513388.0393042512
43160,512247.9452279466
43161,275731.37212920864
43162,563581.7084825021
43163,529909.9403648245
43164,293617.0567169185
43165,588535.1923034907
43166,63963.516390697885
43167,283076.8925390035
43168,566688.1787131836
43169,59657.772025724946
43170,83153.15497660432
43171,537204.2207056753
43172,547209.1013643675
43173,473313.0231750271
43174,566688.1787131836
43175,464342.77308136673
43176,519887.08253402944
43177,60848.20725948444
43178,60848.20725948444
43179,207836.08227992686
43180,545785.4169768337
43181,560710.9653820973
43182,103105.85045069914
43183,420670.33965151897
43184,513480.3130702481
43185,522184.37244109623
43186,48789.87741450328
43187,48269.52985557327
43188,512247.9452279466
43189,93181.73963533992
43190,207836.08227992686
43191,53151.855445375324
43192,512247.9452279466
43193,506198.44099694956
43194,488798.91422114626
43195,56455.80021240519
43196,465299.7507148977
43197,560897.7429014475
43198,56627.327880307705
43199,468496.11712423933
43200,67874.77526725373
43201,477862.01858180756
43202,49273.54277517831
43203,548223.5010292022
43204,267003.6303424465
43205,72770.05366687353
43206,71230.54090755398
43207,59111.30547563475
43208,506840.83300423506
43209,64011.61254025159
43210,524406.1967541295
43211,409803.5872850977
43212,473102.1189388021
43213,83981.45573310116
43214,101921.49983837246
43215,469273.98089435423
43216,451822.88999370177
43217,60848.20725948444
43218,500957.47716222116
43219,408448.5105854795
43220,547209.1013643675
43221,545785.4169768337
43222,101425.2612646909
43223,512247.9452279466
43224,463927.1285592423
43225,83996.3266355857
43226,480032.97049391357
43227,90098.58006118397
43228,409803.5872850977
43229,94222.14156127055
43230,98068.04986934086
43231,142902.03862754483
43232,51123.458517453924
43233,463927.1285592423
43234,458991.5191543889
43235,500555.12100113777
43236,80906.46944017321
43237,491979.04485302046
43238,548798.3648138784
43239,545143.0249695482
43240,539994.9811650976
43241,137102.2257937889
43242,409803.5872850977
43243,450865.9123601708
43244,545143.0249695482
43245,53151.855445375324
43246,529909.9403648245
43247,439973.49164905463
43248,506878.1543462585
43249,118688.37692276841
43250,547888.8147136766
43251,77927.51595427259
43252,68742.55155698738
43253,542212.4800901471
43254,75763.57696080343
43255,434667.66076874244
43256,522571.0481150841
43257,512247.9452279466
43258,56455.80021240519
43259,528175.0989611786
43260,574581.4672007225
43261,49793.89033410835
43262,229635.29088139127
43263,495524.0137186851
43264,451611.98575747677
43265,521541.98043381074
43266,560710.9653820973
43267,151396.08694663146
43268,451611.98575747677
43269,55107.69338211727
43270,69797.6319173261
43271,469273.98089435423
43272,68111.91170966145
43273,56627.327880307705
43274,522184.37244109623
43275,110049.71294101495
43276,512247.9452279466
43277,60848.20725948444
43278,486162.483693718
43279,111758.92585669461
43280,60848.20725948444
43281,50806.57507876228
43282,512247.9452279466
43283,477862.01858180756
43284,473313.0231750271
43285,61388.76645185804
43286,155066.8900914834
43287,70023.26934527408
43288,539941.0248707812
43289,539994.9811650976
43290,539739.4187453174
43291,512247.9452279466
43292,532084.5126642258
43293,85682.70941130446
43294,469484.88513057923
43295,457011.12610388926
43296,592727.3073012893
43297,77668.6782819344
43298,500555.12100113777
43299,519887.08253402944
43300,498984.3207976798
43301,504238.6320878231
43302,49273.54277517831
43303,49273.54277517831
43304,235773.79279523983
43305,491979.04485302046
43306,590625.7190181736
43307,194179.05192136564
43308,480032.97049391357
43309,450865.9123601708
43310,539994.9811650976
43311,563581.7084825021
43312,512138.2144751495
43313,61473.159525189454
43314,175932.8588630705
43315,49982.79118637188
43316,70655.9859857201
43317,513480.3130702481
43318,451611.98575747677
43319,547524.5319360729
43320,588535.1923034907
43321,66869.71202566137
43322,79137.78256012748
43323,430329.39692175586
43324,547524.5319360729
43325,89873.25327943069
43326,79280.66833848001
43327,590402.3224596666
43328,450865.9123601708
43329,498341.9287903943
43330,500794.83477271884
43331,588535.1923034907
43332,469484.88513057923
43333,408659.4148217045
43334,473102.1189388021
43335,63303.010998226004
43336,467610.63964592764
43337,119497.07445031343
43338,529909.9403648245
43339,543841.0208493875
43340,68201.99236461378
43341,68928.88522414195
43342,90805.08794972936
43343,452170.9217792508
43344,461624.90195973014
43345,529909.9403648245
43346,72899.20519074757
43347,448518.391884617
43348,103095.87850153388
43349,480032.97049391357
43350,479285.4496720048
43351,165366.59789696752
43352,128538.39352932786
43353,451822.88999370177
43354,63384.178015250975
43355,56627.327880307705
43356,49273.54277517831
43357,56627.327880307705
43358,574581.4672007225
43359,512247.9452279466
43360,551697.533055943
43361,128629.06846804386
43362,69681.24249159923
43363,457708.4288120656
43364,48789.87741450328
43365,67282.67906929797
43366,102696.55330694618
43367,447830.00385561003
43368,529909.9403648245
43369,500583.93053649383
43370,531136.2555988046
43371,498984.3207976798
43372,60848.20725948444
43373,473313.0231750271
43374,512247.9452279466
43375,523812.1873474513
43376,240508.45936850403
43377,498341.9287903943
43378,143469.26056931948
43379,512247.9452279466
43380,56627.327880307705
43381,64726.51992968144
43382,65024.616709544
43383,462370.9753570361
43384,444834.88079793163
43385,519887.08253402944
43386,545143.0249695482
43387,533738.0784092724
43388,175721.95462684546
43389,68324.3186259945
43390,506840.83300423506
43391,472168.8507116339
43392,138457.0492590423
43393,539994.9811650976
43394,473313.0231750271
43395,519980.74502305867
43396,226143.9055232203
43397,52127.471437058986
43398,463927.1285592423
43399,208046.9865161519
43400,512781.36066669
43401,176755.99153862314
43402,522184.37244109623
43403,49969.51065755451
43404,519887.08253402944
43405,63042.23580170402
43406,486704.0360882249
43407,405764.5450044248
43408,140743.55093643416
43409,92082.80069163007
43410,119867.04127303317
43411,519887.08253402944
43412,555745.326920232
43413,569372.1442942383
43414,544851.5771851169
43415,422652.7463986184
43416,60848.20725948444
43417,93791.37687620024
43418,76306.90280660476
43419,526519.5863213217
43420,469273.98089435423
43421,142998.6710484452
43422,56627.327880307705
43423,584851.6812168054
43424,451822.88999370177
43425,60848.20725948444
43426,451963.2460829378
43427,451822.88999370177
43428,137102.2257937889
43429,539528.5145090924
43430,539352.5891578121
43431,118688.37692276841
43432,511927.3102389246
43433,496250.84324683074
43434,545785.4169768337
43435,80583.85332574997
43436,498341.9287903943
43437,532084.5126642258
43438,480032.97049391357
43439,99883.73566265448
43440,474736.9250720084
43441,500555.12100113777
43442,527743.5947405851
43443,419180.13954815804
43444,273640.397195398
43445,56455.80021240519
43446,522184.37244109623
43447,480032.97049391357
43448,55778.516242525024
43449,394908.54845800047
43450,114135.10483053424
43451,62899.38580878757
43452,114895.3809413593
43453,56782.529162130064
43454,72788.6070951157
43455,451822.88999370177
43456,451822.88999370177
43457,578189.528024517
43458,56455.80021240519
43459,473313.0231750271
43460,68054.2149360033
43461,113376.78839933389
43462,592727.3073012893
43463,178196.2510387892
43464,475467.15185248305
43465,539739.4187453174
43466,215572.72954305995
43467,532084.5126642258
43468,162438.8259300197
43469,490387.54717491026
43470,462370.9753570361
43471,598258.8346662221
43472,70553.22311234672
43473,405975.4492406498
43474,56627.327880307705
43475,538857.5995716342
43476,51653.84427107978
43477,55451.78729280016
43478,58160.36018389169
43479,451822.88999370177
43480,477862.01858180756
43481,462370.9753570361
43482,49273.54277517831
43483,92754.93384075654
43484,451611.98575747677
43485,75495.9282690843
43486,539352.5891578121
43487,506198.44099694956
43488,63193.55361159757
43489,275623.93599220226
43490,70181.1824060425
43491,64468.81948098906
43492,526730.4905575466
43493,463927.1285592423
43494,187972.8516413179
43495,149032.37763637185
43496,70973.7928791027
43497,48269.52985557327
43498,508360.49675080844
43499,172424.78680584923
43500,539739.4187453174
43501,545143.0249695482
43502,514734.6665528141
43503,529909.9403648245
43504,451611.98575747677
43505,52127.471437058986
43506,456265.0527065833
43507,538857.5995716342
43508,512247.9452279466
43509,498341.9287903943
43510,535789.4366261075
43511,469273.98089435423
43512,486373.387929943
43513,68928.88522414195
43514,267003.6303424465
43515,51728.34651391989
43516,84463.64662365103
43517,568754.2551080029
43518,506198.44099694956
43519,531514.9246240442
43520,529909.9403648245
43521,456265.0527065833
43522,178196.2510387892
43523,473102.1189388021
43524,61388.76645185804
43525,76263.15041256134
43526,460027.4339858062
43527,451822.88999370177
43528,83203.233830525
43529,545143.0249695482
43530,60649.16640158666
43531,560897.7429014475
43532,490387.54717491026
43533,584851.6812168054
43534,477862.01858180756
43535,463039.8901061345
43536,49793.89033410835
43537,487575.00234872295
43538,91674.22486198001
43539,66905.19287567616
43540,469273.98089435423
43541,467610.63964592764
43542,85208.34065338863
43543,177696.3322289576
43544,451963.2460829378
43545,439986.21879826067
43546,65607.02971900455
43547,566688.1787131836
43548,175424.82744164224
43549,483239.78846849804
43550,532084.5126642258
43551,117039.04398945191
43552,60848.20725948444
43553,554002.925270333
43554,521541.98043381074
43555,110348.84327789981
43556,451611.98575747677
43557,483239.78846849804
43558,153871.31480113507
43559,451822.88999370177
43560,108856.17079030673
43561,92870.4356222328
43562,547888.8147136766
43563,64726.51992968144
43564,451611.98575747677
43565,528175.0989611786
43566,405975.4492406498
43567,451822.88999370177
43568,539941.0248707812
43569,260427.33116958744
43570,521541.98043381074
43571,456265.0527065833
43572,552769.6191456524
43573,532084.5126642258
43574,64584.22707226447
43575,456475.9569428083
43576,405764.5450044248
43577,584851.6812168054
43578,78557.37784567426
43579,406755.0690403092
43580,499352.15176313295
43581,574581.4672007225
43582,137313.13003001394
43583,559210.7778903455
43584,512247.9452279466
43585,588535.1923034907
43586,456265.0527065833
43587,513388.0393042512
43588,533454.8253770173
43589,547524.5319360729
43590,61497.544886679396
43591,539941.0248707812
43592,573095.1730316436
43593,78557.37784567426
43594,276545.6107486651
43595,467024.0423061426
43596,68661.27266686913
43597,519887.08253402944
43598,155536.41711260192
43599,563581.7084825021
43600,74131.62614774748
43601,571310.0746983561
43602,63843.57019059962
43603,539244.9440519185
43604,545270.9461102502
43605,451611.98575747677
43606,573095.1730316436
43607,451076.8165963958
43608,512247.9452279466
43609,583066.5828835178
43610,539739.4187453174
43611,469484.88513057923
43612,573095.1730316436
43613,544851.5771851169
43614,529909.9403648245
43615,462370.9753570361
43616,473313.0231750271
43617,547294.8053069984
43618,469484.88513057923
43619,430329.39692175586
43620,101947.07210066456
43621,574581.4672007225
43622,588535.1923034907
43623,528921.1723584845
43624,504238.6320878231
43625,560897.7429014475
43626,488798.91422114626
43627,571182.1535576539
43628,105557.77155255788
43629,592727.3073012893
43630,143469.26056931948
43631,54711.416108859106
43632,64726.51992968144
43633,60243.640661337005
43634,56627.327880307705
43635,565778.5473334233
43636,469273.98089435423
43637,512247.9452279466
43638,469484.88513057923
43639,231890.7972213704
43640,60848.20725948444
43641,129946.75229892787
43642,498341.9287903943
43643,512247.9452279466
43644,60848.20725948444
43645,462370.9753570361
43646,533738.0784092724
43647,469484.88513057923
43648,483861.10853836144
43649,469273.98089435423
43650,473313.0231750271
43651,267152.28050255927
43652,476601.4840909501
43653,469484.88513057923
43654,523946.6245694131
43655,175721.95462684546
43656,463927.1285592423
43657,52739.40429619783
43658,584851.6812168054
43659,469273.98089435423
43660,488508.5497046113
43661,72245.37849694163
43662,469273.98089435423
43663,477862.01858180756
43664,180988.06273421613
43665,49969.51065755451
43666,451822.88999370177
43667,516901.0121770535
43668,498341.9287903943
43669,63007.02004833195
43670,469484.88513057923
43671,527743.5947405851
43672,405975.4492406498
43673,59706.42931152303
43674,153220.27482678066
43675,71087.89790910056
43676,574581.4672007225
43677,547758.5733413753
43678,512247.9452279466
43679,489005.3983997538
43680,69813.3916814604
43681,56627.327880307705
43682,547209.1013643675
43683,68201.99236461378
43684,125251.563729702
43685,560897.7429014475
43686,573095.1730316436
43687,476971.24208485486
43688,266267.42358739674
43689,469416.30194330064
43690,588535.1923034907
43691,65267.079122055045
43692,547581.1090219168
43693,547524.5319360729
43694,495807.18289746833
43695,451076.8165963958
43696,527743.5947405851
43697,512247.9452279466
43698,80984.15752046801
43699,95378.86002155759
43700,200318.97082328092
43701,499049.0274922214
43702,469273.98089435423
43703,485461.61278153077
43704,54804.12728233305
43705,469273.98089435423
43706,545785.4169768337
43707,197859.46631950082
43708,462370.9753570361
43709,63303.010998226004
43710,128534.95729576428
43711,469416.30194330064
43712,587659.7253499635
43713,98235.50031850995
43714,176755.99153862314
43715,519887.08253402944
43716,555745.326920232
43717,512247.9452279466
43718,139669.02917811417
43719,521973.4682048713
43720,422652.7463986184
43721,547888.8147136766
43722,461959.45864784665
43723,81682.49445743921
43724,545143.0249695482
43725,217260.7612254913
43726,177862.48787289244
43727,229953.71662231107
43728,592727.3073012893
43729,94001.81425404249
43730,498984.3207976798
43731,543841.0208493875
43732,506878.1543462585
43733,512247.9452279466
43734,63404.68889907876
43735,547524.5319360729
43736,451822.88999370177
43737,151040.8486278124
43738,563581.7084825021
43739,469273.98089435423
43740,99958.08064684777
43741,136043.96550500835
43742,113165.88416310886
43743,405975.4492406498
43744,539994.9811650976
43745,61642.02396763687
43746,451076.8165963958
43747,529909.9403648245
43748,60848.20725948444
43749,500794.83477271884
43750,208910.21708161492
43751,498341.9287903943
43752,574581.4672007225
43753,487191.8971782698
43754,482386.4922249876
43755,473102.1189388021
43756,138801.06062248885
43757,483028.88423227303
43758,469273.98089435423
43759,193368.85208440485
43760,405975.4492406498
43761,555745.326920232
43762,526236.0158641476
43763,514734.6665528141
43764,207836.08227992686
43765,113004.24213720576
43766,56627.327880307705
43767,473102.1189388021
43768,495524.0137186851
43769,220798.79814010722
43770,521541.98043381074
43771,505615.93301334954
43772,230521.93167590708
43773,78026.64676108643
43774,49793.89033410835
43775,512247.9452279466
43776,560862.5481499861
43777,457708.4288120656
43778,111546.60691954526
43779,544851.5771851169
43780,543841.0208493875
43781,471089.86938979884
43782,469273.98089435423
43783,592708.1934233608
43784,529909.9403648245
43785,451428.07692185685
43786,559390.4811618449
43787,560086.2448438727
43788,471957.9464754089
43789,571861.8669069629
43790,68201.99236461378
43791,490387.54717491026
43792,547888.8147136766
43793,512247.9452279466
43794,568754.2551080029
43795,541968.1375296392
43796,519887.08253402944
43797,412667.4017848784
43798,473102.1189388021
43799,547524.5319360729
43800,78661.13827675446
43801,519887.08253402944
43802,70196.31127314843
43803,68998.85783286516
43804,267003.6303424465
43805,469484.88513057923
43806,539352.5891578121
43807,78203.07933529302
43808,451611.98575747677
43809,60848.20725948444
43810,469273.98089435423
43811,506198.44099694956
43812,498984.3207976798
43813,488798.91422114626
43814,506198.44099694956
43815,519887.08253402944
43816,74550.67907865149
43817,477115.9451845016
43818,109673.49617223493
43819,49793.89033410835
43820,469273.98089435423
43821,68201.99236461378
43822,451611.98575747677
43823,451822.88999370177
43824,78204.88274067624
43825,500555.12100113777
43826,547209.1013643675
43827,512247.9452279466
43828,473102.1189388021
43829,519887.08253402944
43830,451822.88999370177
43831,513652.79605609097
43832,521455.74673330574
43833,450865.9123601708
43834,123314.88315521003
43835,383001.4828443393
43836,76168.26744748559
43837,162594.71541417952
43838,456475.9569428083
43839,60848.20725948444
43840,451822.88999370177
43841,462370.9753570361
43842,512992.264902915
43843,63303.010998226004
43844,461959.45864784665
43845,523608.0568286302
43846,450865.9123601708
43847,498341.9287903943
43848,543841.0208493875
43849,560897.7429014475
43850,469484.88513057923
43851,53151.855445375324
43852,56627.327880307705
43853,451822.88999370177
43854,547524.5319360729
43855,131516.7289829009
43856,232198.26451900954
43857,483239.78846849804
43858,74284.06337307538
43859,548587.4605776535
43860,253472.0807297699
43861,451822.88999370177
43862,229690.12369986047
43863,500794.83477271884
43864,69681.24249159923
43865,500555.12100113777
43866,49273.54277517831
43867,431460.0479476812
43868,545143.0249695482
43869,532084.5126642258
43870,504238.6320878231
43871,456265.0527065833
43872,111758.92585669461
43873,530427.5603216396
43874,49793.89033410835
43875,51510.5415706292
43876,528221.379938537
43877,467024.0423061426
43878,486493.1318519999
43879,133687.14232355283
43880,451822.88999370177
43881,48789.87741450328
43882,457497.5245758406
43883,463927.1285592423
43884,440836.60021074157
43885,464437.0051096278
43886,472168.8507116339
43887,141801.53834562772
43888,560710.9653820973
43889,519887.08253402944
43890,518021.5225737501
43891,573956.2967530303
43892,469273.98089435423
43893,547524.5319360729
43894,532084.5126642258
43895,450865.9123601708
43896,545143.0249695482
43897,473102.1189388021
43898,451076.8165963958
43899,512247.9452279466
43900,107069.53538017528
43901,469416.30194330064
43902,409592.6830488727
43903,191757.4510573565
43904,503267.8961175485
43905,418969.23531193304
43906,560897.7429014475
43907,60848.20725948444
43908,519887.08253402944
43909,404742.2992404404
43910,60848.20725948444
43911,419180.13954815804
43912,512247.9452279466
43913,527743.5947405851
43914,68756.96082598144
43915,506840.83300423506
43916,473102.1189388021
43917,68201.99236461378
43918,63963.516390697885
43919,532084.5126642258
43920,272573.4439207768
43921,532593.9059458792
43922,498984.3207976798
43923,560897.7429014475
43924,52127.471437058986
43925,545143.0249695482
43926,595411.272882344
43927,419180.13954815804
43928,212224.2111006793
43929,92870.4356222328
43930,545143.0249695482
43931,469484.88513057923
43932,469484.88513057923
43933,65648.35735033915
43934,71838.08356128709
43935,544851.5771851169
43936,230539.51477849044
43937,456265.0527065833
43938,172119.23233583945
43939,102283.32603738057
43940,504238.6320878231
43941,124917.0889405279
43942,512247.9452279466
43943,216289.92235449064
43944,451076.8165963958
43945,92968.8475661632
43946,117778.86749934488
43947,69203.29312861201
43948,512247.9452279466
43949,573095.1730316436
43950,473102.1189388021
43951,469273.98089435423
43952,469484.88513057923
43953,532084.5126642258
43954,92624.78761366173
43955,469273.98089435423
43956,476852.32062835264
43957,53151.855445375324
43958,486493.1318519999
43959,491979.04485302046
43960,498010.96878458536
43961,498341.9287903943
43962,60848.20725948444
43963,527743.5947405851
43964,469273.98089435423
43965,68928.88522414195
43966,477715.873458454
43967,463927.1285592423
43968,477862.01858180756
43969,83713.92715212716
43970,94644.58552507349
43971,294955.131464303
43972,60848.20725948444
43973,469273.98089435423
43974,49793.89033410835
43975,422652.7463986184
43976,452170.9217792508
43977,504238.6320878231
43978,69797.6319173261
43979,113499.30922143708
43980,571438.2206890576
43981,430329.39692175586
43982,588535.1923034907
43983,65778.3306067108
43984,429728.2249114924
43985,58160.36018389169
43986,527743.5947405851
43987,116631.75616768864
43988,412878.3060211034
43989,215572.72954305995
43990,473313.0231750271
43991,63961.034131402266
43992,544851.5771851169
43993,547524.5319360729
43994,580951.6852381991
43995,464342.77308136673
43996,75434.68574282994
43997,566688.1787131836
43998,512247.9452279466
43999,433224.26673903555
44000,533738.0784092724
44001,571182.1535576539
44002,555381.0441426283
44003,532084.5126642258
44004,476971.24208485486
44005,461624.90195973014
44006,472168.8507116339
44007,512247.9452279466
44008,469273.98089435423
44009,419180.13954815804
44010,58160.36018389169
44011,163724.7844421564
44012,473313.0231750271
44013,477862.01858180756
44014,54467.70385938868
44015,451611.98575747677
44016,588535.1923034907
44017,69855.46171445979
44018,498984.3207976798
44019,518133.4840463105
44020,106925.68306628749
44021,70750.21277374936
44022,469273.98089435423
44023,529909.9403648245
44024,519887.08253402944
44025,61497.544886679396
44026,75254.57859913418
44027,533738.0784092724
44028,68201.99236461378
44029,56242.30092039367
44030,96155.66513573637
44031,64726.51992968144
44032,539739.4187453174
44033,278207.3409409125
44034,422863.6506348434
44035,135345.06303523525
44036,61189.72559396027
44037,416565.009120584
44038,519887.08253402944
44039,118697.7964524707
44040,136254.8697412334
44041,92754.93384075654
44042,469416.30194330064
44043,498341.9287903943
44044,462224.8302336825
44045,71699.86930106662
44046,512247.9452279466
44047,451611.98575747677
44048,49273.54277517831
44049,526519.5863213217
44050,229458.93217340863
44051,539739.4187453174
44052,457011.12610388926
44053,512247.9452279466
44054,161690.75189478867
44055,405975.4492406498
44056,95465.79970147075
44057,476971.24208485486
44058,62663.02147549741
44059,508360.49675080844
44060,501206.1451107125
44061,74284.06337307538
44062,554002.925270333
44063,539941.0248707812
44064,63303.010998226004
44065,63303.010998226004
44066,486373.387929943
44067,76336.83422712953
44068,52569.50181523669
44069,56627.327880307705
44070,560897.7429014475
44071,112255.1644303762
44072,519887.08253402944
44073,60848.20725948444
44074,111547.17233743676
44075,500555.12100113777
44076,61073.464839153516
44077,566688.1787131836
44078,52127.471437058986
44079,506878.1543462585
44080,560897.7429014475
44081,512247.9452279466
44082,76370.35089962588
44083,566688.1787131836
44084,411921.32838757243
44085,69797.6319173261
44086,464342.77308136673
44087,227296.494956077
44088,108055.56919854954
44089,473102.1189388021
44090,456475.9569428083
44091,81742.59264066855
44092,67715.42471165513
44093,528221.379938537
44094,512247.9452279466
44095,60848.20725948444
44096,498984.3207976798
44097,51123.458517453924
44098,498984.3207976798
44099,500794.83477271884
44100,532084.5126642258
44101,519887.08253402944
44102,467610.63964592764
44103,128492.6913084444
44104,83519.4497187735
44105,78222.20283002386
44106,473102.1189388021
44107,479044.20248757367
44108,547851.493371653
44109,482597.3964612126
44110,469273.98089435423
44111,462370.9753570361
44112,60848.20725948444
44113,482478.9726070326
44114,513480.3130702481
44115,451822.88999370177
44116,79035.22030441211
44117,473102.1189388021
44118,120416.66703270041
44119,405975.4492406498
44120,267467.52632103197
44121,147591.94836622284
44122,450865.9123601708
44123,87564.3456863145
44124,519887.08253402944
44125,286454.6464047167
44126,75015.92270598325
44127,512247.9452279466
44128,60848.20725948444
44129,545785.4169768337
44130,62663.02147549741
44131,65684.12728350761
44132,512247.9452279466
44133,545143.0249695482
44134,50120.61928383322
44135,73374.68542377501
44136,451822.88999370177
44137,491979.04485302046
44138,566688.1787131836
44139,512247.9452279466
44140,72807.09771516331
44141,68324.3186259945
44142,498341.9287903943
44143,480032.97049391357
44144,100713.12125398281
44145,473313.0231750271
44146,409592.6830488727
44147,545785.4169768337
44148,96252.06826554658
44149,461624.90195973014
44150,97433.76041914623
44151,409803.5872850977
44152,540985.5458943306
44153,512247.9452279466
44154,483861.10853836144
44155,451076.8165963958
44156,132382.29244486877
44157,484827.75429141027
44158,77749.21865846076
44159,109044.93770822178
44160,486373.387929943
44161,451217.17268563184
44162,521541.98043381074
44163,103523.70562369033
44164,409592.6830488727
44165,62698.444400078566
44166,506878.1543462585
44167,544851.5771851169
44168,79845.28179511217
44169,451822.88999370177
44170,229690.12369986047
44171,93304.54438852819
44172,500555.12100113777
44173,482515.0855309141
44174,598258.8346662221
44175,539739.4187453174
44176,573095.1730316436
44177,117714.20807697732
44178,512247.9452279466
44179,522071.585505039
44180,164828.37147072755
44181,68201.99236461378
44182,60848.20725948444
44183,473729.82986023714
44184,304416.33841637406
44185,60848.20725948444
44186,571182.1535576539
44187,94387.9346828328
44188,60848.20725948444
44189,547851.493371653
44190,519851.88778256805
44191,76218.36786934771
44192,560897.7429014475
44193,57277.4129537718
44194,69681.24249159923
44195,82566.09528118193
44196,451611.98575747677
44197,115453.62399339171
44198,68201.99236461378
44199,128492.6913084444
44200,549824.6497361946
44201,156166.44263999228
44202,519887.08253402944
44203,506878.1543462585
44204,566688.1787131836
44205,566688.1787131836
44206,72050.64563523627
44207,529909.9403648245
44208,69042.51315425317
44209,451822.88999370177
44210,539244.9440519185
44211,168403.2551086475
44212,236853.49640041078
44213,267152.28050255927
44214,539352.5891578121
44215,467910.03569510684
44216,69553.83748984696
44217,591219.7284248518
44218,73977.56898689558
44219,125127.61181832578
44220,92372.45575348022
44221,275452.25379350904
44222,75763.57696080343
44223,107186.53586513022
44224,480032.97049391357
44225,505615.93301334954
44226,170618.45901630027
44227,545143.0249695482
44228,63193.55361159757
44229,84463.64662365103
44230,494663.01043407514
44231,451428.07692185685
44232,275429.6867312619
44233,451076.8165963958
44234,71699.86930106662
44235,241101.35858262455
44236,286886.97683619725
44237,96070.3662996182
44238,527743.5947405851
44239,532593.9059458792
44240,545785.4169768337
44241,560897.7429014475
44242,81989.05546787682
44243,498341.9287903943
44244,456265.0527065833
44245,60848.20725948444
44246,75785.11073523435
44247,405764.5450044248
44248,56627.327880307705
44249,511501.8718306407
44250,539352.5891578121
44251,462370.9753570361
44252,498984.3207976798
44253,157773.28620251644
44254,456265.0527065833
44255,394697.64422177547
44256,527743.5947405851
44257,177696.3322289576
44258,118440.1631542211
44259,533454.8253770173
44260,60848.20725948444
44261,461624.90195973014
44262,175721.95462684546
44263,495524.0137186851
44264,508360.49675080844
44265,512247.9452279466
44266,469484.88513057923
44267,519887.08253402944
44268,532084.5126642258
44269,60848.20725948444
44270,469416.30194330064
44271,236853.49640041078
44272,405764.5450044248
44273,49273.54277517831
44274,451611.98575747677
44275,377310.98425786477
44276,560897.7429014475
44277,451822.88999370177
44278,84156.31321611458
44279,521973.4682048713
44280,512247.9452279466
44281,548007.2412898667
44282,469484.88513057923
44283,541968.1375296392
44284,529909.9403648245
44285,451611.98575747677
44286,461959.45864784665
44287,88516.42489237875
44288,451611.98575747677
44289,547524.5319360729
44290,532084.5126642258
44291,416523.53460398415
44292,52127.471437058986
44293,64174.71863626746
44294,565778.5473334233
44295,568462.512914478
44296,590402.3224596666
44297,545785.4169768337
44298,81078.76496156756
44299,539941.0248707812
44300,506198.44099694956
44301,552769.6191456524
44302,498984.3207976798
44303,469273.98089435423
44304,52127.471437058986
44305,81742.59264066855
44306,69837.61969901201
44307,64335.9528689913
44308,154467.69109671365
44309,456265.0527065833
44310,512247.9452279466
44311,529909.9403648245
44312,539739.4187453174
44313,477862.01858180756
44314,547209.1013643675
44315,506878.1543462585
44316,107397.44010135523
44317,83770.55149687616
44318,473102.1189388021
44319,56117.94158228746
44320,464437.0051096278
44321,476971.24208485486
44322,451076.8165963958
44323,75678.72771103468
44324,512247.9452279466
44325,512247.9452279466
44326,539994.9811650976
44327,477115.9451845016
44328,491979.04485302046
44329,81496.77600469199
44330,539352.5891578121
44331,476601.4840909501
44332,430540.30115798087
44333,68580.98128272015
44334,573095.1730316436
44335,60848.20725948444
44336,500794.83477271884
44337,75455.03960112404
44338,469273.98089435423
44339,456265.0527065833
44340,529909.9403648245
44341,143469.26056931948
44342,560710.9653820973
44343,514734.6665528141
44344,441034.34196769213
44345,519887.08253402944
44346,566688.1787131836
44347,504144.81179087784
44348,68928.88522414195
44349,500555.12100113777
44350,519887.08253402944
44351,75455.03960112404
44352,71542.8327495577
44353,419180.13954815804
44354,573095.1730316436
44355,560500.0611458723
44356,547888.8147136766
44357,498984.3207976798
44358,560897.7429014475
44359,495807.18289746833
44360,560897.7429014475
44361,90365.17226799631
44362,56455.80021240519
44363,556668.2082956354
44364,463927.1285592423
44365,491979.04485302046
44366,532084.5126642258
44367,471550.9615253986
44368,544851.5771851169
44369,72016.53677057609
44370,108834.03347199675
44371,71612.44613333908
44372,56627.327880307705
44373,56627.327880307705
44374,583976.2142632782
44375,498207.97929973976
44376,165366.59789696752
44377,566688.1787131836
44378,129142.96012747531
44379,451822.88999370177
44380,71838.08356128709
44381,59378.95416735387
44382,512247.9452279466
44383,214908.17668173398
44384,64726.51992968144
44385,153220.27482678066
44386,598258.8346662221
44387,79055.59030723706
44388,71054.30440147813
44389,109130.06462741055
44390,469273.98089435423
44391,563581.7084825021
44392,418969.23531193304
44393,49793.89033410835
44394,79055.59030723706
44395,158176.41564018856
44396,512095.1442943785
44397,66297.0974936485
44398,579718.3791135184
44399,467024.0423061426
44400,67729.549334461
44401,450865.9123601708
44402,500794.83477271884
44403,498984.3207976798
44404,512247.9452279466
44405,64726.51992968144
44406,596391.7045100462
44407,402753.1348388918
44408,456265.0527065833
44409,512247.9452279466
44410,68928.88522414195
44411,498341.9287903943
44412,61388.76645185804
44413,53151.855445375324
44414,518021.5225737501
44415,519887.08253402944
44416,571310.0746983561
44417,61473.159525189454
44418,512247.9452279466
44419,64726.51992968144
44420,451822.88999370177
44421,63007.02004833195
44422,529909.9403648245
44423,87938.14819834539
44424,72865.84406544277
44425,416523.53460398415
44426,156642.1311241352
44427,212008.90010615854
44428,235773.79279523983
44429,66283.63369700203
44430,512247.9452279466
44431,506920.68167331297
44432,463927.1285592423
44433,236701.55872355754
44434,157428.81786132682
44435,519887.08253402944
44436,532084.5126642258
44437,506198.44099694956
44438,232198.26451900954
44439,529909.9403648245
44440,574465.4857444351
44441,486373.387929943
44442,451822.88999370177
44443,69681.24249159923
44444,276545.6107486651
44445,464226.1008734028
44446,48789.87741450328
44447,156642.1311241352
44448,60848.20725948444
44449,145578.08327225462
44450,472168.8507116339
44451,70547.33871672695
44452,197672.98185233667
44453,565180.5998367461
44454,60848.20725948444
44455,526932.0966830105
44456,535309.2567186746
44457,469273.98089435423
44458,269687.5959235012
44459,61473.159525189454
44460,136254.8697412334
44461,512781.36066669
44462,63336.081865697255
44463,512247.9452279466
44464,496844.85265350883
44465,469484.88513057923
44466,88918.81125220821
44467,95191.28288909823
44468,232198.26451900954
44469,68906.70580467077
44470,580951.6852381991
44471,471957.9464754089
44472,113251.5385388101
44473,487575.00234872295
44474,514734.6665528141
44475,56627.327880307705
44476,81485.41125287683
44477,72481.41975851629
44478,61196.14083100265
44479,142140.40855959727
44480,181808.05324638414
44481,64726.51992968144
44482,163891.54733281306
44483,62757.63708879416
44484,131253.62171176868
44485,470132.89175626787
44486,97108.79010330819
44487,542216.8054781306
44488,538177.3430632553
44489,451611.98575747677
44490,573956.2967530303
44491,469273.98089435423
44492,480032.97049391357
44493,516901.0121770535
44494,64316.490825343404
44495,532593.9059458792
44496,61388.76645185804
44497,60848.20725948444
44498,451822.88999370177
44499,49793.89033410835
44500,100449.76085598055
44501,472168.8507116339
44502,532593.9059458792
44503,173030.7164564896
44504,512412.5165180488
44505,88264.80464617969
44506,512247.9452279466
44507,499352.15176313295
44508,506840.83300423506
44509,231890.7972213704
44510,573095.1730316436
44511,451822.88999370177
44512,56455.80021240519
44513,580951.6852381991
44514,512247.9452279466
44515,62964.47101840194
44516,157186.96481068694
44517,213298.84763548465
44518,498341.9287903943
44519,512247.9452279466
44520,49793.89033410835
44521,473102.1189388021
44522,49273.54277517831
44523,513652.79605609097
44524,512247.9452279466
44525,528432.2841747621
44526,90359.65767209553
44527,495524.0137186851
44528,486704.0360882249
44529,433411.7359981777
44530,573095.1730316436
44531,513177.1350680264
44532,273641.8617870339
44533,244756.52620321186
44534,439973.49164905463
44535,48269.52985557327
44536,456475.9569428083
44537,512247.9452279466
44538,529909.9403648245
44539,539994.9811650976
44540,463927.1285592423
44541,217260.7612254913
44542,409592.6830488727
44543,498341.9287903943
44544,70546.023357159
44545,469484.88513057923
44546,571310.0746983561
44547,512247.9452279466
44548,73956.77743851762
44549,70433.23368672909
44550,56927.63604211115
44551,521541.98043381074
44552,501896.58927609946
44553,560897.7429014475
44554,547888.8147136766
44555,480891.8813558272
44556,129425.63676629761
44557,176755.99153862314
44558,498984.3207976798
44559,522289.1601438872
44560,51728.34651391989
44561,547888.8147136766
44562,51728.34651391989
44563,409803.5872850977
44564,207836.08227992686
44565,74505.84222743446
44566,545785.4169768337
44567,512247.9452279466
44568,498341.9287903943
44569,501896.58927609946
44570,63007.02004833195
44571,49273.54277517831
44572,495524.0137186851
44573,545143.0249695482
44574,68201.99236461378
44575,56627.327880307705
44576,506198.44099694956
44577,59388.62982594479
44578,519887.08253402944
44579,405975.4492406498
44580,104186.9307939483
44581,433224.26673903555
44582,74131.62614774748
44583,96070.3662996182
44584,60848.20725948444
44585,63303.010998226004
44586,559390.16402501
44587,60848.20725948444
44588,259151.46053534694
44589,500957.47716222116
44590,137523.40108868625
44591,469484.88513057923
44592,57468.48318162451
44593,512247.9452279466
44594,62663.02147549741
44595,511501.8718306407
44596,51728.34651391989
44597,473313.0231750271
44598,486482.8166540003
44599,475467.15185248305
44600,94856.40701463366
44601,574581.4672007225
44602,521541.98043381074
44603,506284.14493958035
44604,239267.68534462873
44605,529909.9403648245
44606,68928.88522414195
44607,70437.51662813897
44608,560897.7429014475
44609,69400.16648804641
44610,113710.21345766212
44611,469484.88513057923
44612,560897.7429014475
44613,511853.1321561021
44614,125206.08905191775
44615,472883.34841702343
44616,511995.37557601236
44617,547524.5319360729
44618,527743.5947405851
44619,529909.9403648245
44620,76336.83422712953
44621,539994.9811650976
44622,339500.2844199088
44623,68002.951506716
44624,403001.80278738315
44625,469273.98089435423
44626,509062.6573172681
44627,469416.30194330064
44628,229690.12369986047
44629,49273.54277517831
44630,68201.99236461378
44631,86343.23609407264
44632,49793.89033410835
44633,405764.5450044248
44634,451611.98575747677
44635,469205.39770707564
44636,51728.34651391989
44637,72849.28502213019
44638,217049.85698926626
44639,495524.0137186851
44640,522184.37244109623
44641,469484.88513057923
44642,498984.3207976798
44643,451611.98575747677
44644,584851.6812168054
44645,527743.5947405851
44646,456265.0527065833
44647,63303.010998226004
44648,519887.08253402944
44649,523514.0601347731
44650,533738.0784092724
44651,84521.58475809204
44652,511501.8718306407
44653,573095.1730316436
44654,512247.9452279466
44655,543841.0208493875
44656,557027.4542954119
44657,469484.88513057923
44658,55451.78729280016
44659,500555.12100113777
44660,79954.16323533132
44661,469273.98089435423
44662,553600.0453501088
44663,588535.1923034907
44664,61295.77383834418
44665,456475.9569428083
44666,512781.36066669
44667,547888.8147136766
44668,162281.6765313045
44669,555381.0441426283
44670,377310.98425786477
44671,553679.2505254127
44672,498341.9287903943
44673,55451.78729280016
44674,237139.4449926179
44675,277672.32339597825
44676,539739.4187453174
44677,498984.3207976798
44678,500555.12100113777
44679,498341.9287903943
44680,468496.11712423933
44681,584851.6812168054
44682,588535.1923034907
44683,456475.9569428083
44684,451822.88999370177
44685,417320.4687339849
44686,498984.3207976798
44687,56627.327880307705
44688,498341.9287903943
44689,137870.56082425674
44690,89582.09037196041
44691,473313.0231750271
44692,70437.51662813897
44693,471089.86938979884
44694,56076.998318753554
44695,460027.4339858062
44696,85911.39148010997
44697,610015.3428513838
44698,532084.5126642258
44699,456475.9569428083
44700,409592.6830488727
44701,100655.53858989471
44702,529909.9403648245
44703,61087.820761053525
44704,512992.264902915
44705,56627.327880307705
44706,521973.4682048713
44707,544851.5771851169
44708,516364.8937662467
44709,532084.5126642258
44710,469273.98089435423
44711,477115.9451845016
44712,532084.5126642258
44713,471957.9464754089
44714,465088.8464786727
44715,85655.58315675992
44716,473102.1189388021
44717,512247.9452279466
44718,450865.9123601708
44719,532084.5126642258
44720,471783.6407657977
44721,547524.5319360729
44722,529909.9403648245
44723,498341.9287903943
44724,486373.387929943
44725,574581.4672007225
44726,512247.9452279466
44727,75136.6535238125
44728,506198.44099694956
44729,126143.7323653953
44730,584851.6812168054
44731,68269.67726961304
44732,560897.7429014475
44733,512247.9452279466
44734,469484.88513057923
44735,253472.0807297699
44736,524978.7325518371
44737,60848.20725948444
44738,547888.8147136766
44739,409592.6830488727
44740,423565.20946879865
44741,354255.8404956015
44742,539941.0248707812
44743,500555.12100113777
44744,86800.28286871921
44745,405975.4492406498
44746,102696.55330694618
44747,532593.9059458792
44748,506840.83300423506
44749,96807.75617992345
44750,71284.25863252854
44751,545822.7383188573
44752,111639.74505011056
44753,519887.08253402944
44754,55451.78729280016
44755,463927.1285592423
44756,573095.1730316436
44757,451822.88999370177
44758,491979.04485302046
44759,51728.34651391989
44760,529909.9403648245
44761,108176.14715449487
44762,539739.4187453174
44763,70004.39541620917
44764,62663.02147549741
44765,471957.9464754089
44766,512247.9452279466
44767,102485.64907072118
44768,545143.0249695482
44769,592727.3073012893
44770,584851.6812168054
44771,532593.9059458792
44772,513472.4452199048
44773,283368.99023762386
44774,486493.1318519999
44775,204456.71145111133
44776,451611.98575747677
44777,177074.81953431427
44778,483239.78846849804
44779,451217.17268563184
44780,527743.5947405851
44781,473313.0231750271
44782,471957.9464754089
44783,521541.98043381074
44784,508360.49675080844
44785,43352.00408082252
44786,553679.2505254127
44787,56627.327880307705
44788,465299.7507148977
44789,68201.99236461378
44790,451611.98575747677
44791,469273.98089435423
44792,430540.30115798087
44793,512247.9452279466
44794,469484.88513057923
44795,262383.13059647154
44796,82566.09528118193
44797,469273.98089435423
44798,52127.471437058986
44799,511501.8718306407
44800,587659.7253499635
44801,539941.0248707812
44802,49273.54277517831
44803,53151.855445375324
44804,131264.8157896879
44805,498341.9287903943
44806,529909.9403648245
44807,547851.493371653
44808,447830.00385561003
44809,67282.67906929797
44810,522184.37244109623
44811,83300.23038660543
44812,469273.98089435423
44813,64584.22707226447
44814,529909.9403648245
44815,61388.76645185804
44816,473313.0231750271
44817,498341.9287903943
44818,55451.78729280016
44819,538857.5995716342
44820,56627.327880307705
44821,367723.5277585794
44822,451611.98575747677
44823,590402.3224596666
44824,462370.9753570361
44825,78176.58461505444
44826,566688.1787131836
44827,451822.88999370177
44828,547524.5319360729
44829,512247.9452279466
44830,178196.2510387892
44831,545143.0249695482
44832,72899.20519074757
44833,588535.1923034907
44834,514734.6665528141
44835,71956.70367089812
44836,506198.44099694956
44837,70743.69944015493
44838,522289.1601438872
44839,506198.44099694956
44840,64726.51992968144
44841,498341.9287903943
44842,566688.1787131836
44843,547851.493371653
44844,61497.544886679396
44845,544851.5771851169
44846,416523.53460398415
44847,513652.79605609097
44848,158472.1359461134
44849,79480.5474560591
44850,49273.54277517831
44851,58160.36018389169
44852,146097.41509374688
44853,267467.52632103197
44854,68926.40296484633
44855,206069.38577857733
44856,53151.855445375324
44857,547581.1090219168
44858,152040.45818089103
44859,513177.1350680264
44860,53151.855445375324
44861,451822.88999370177
44862,498010.96878458536
44863,512247.9452279466
44864,491979.04485302046
44865,451822.88999370177
44866,473313.0231750271
44867,541579.5553010087
44868,532084.5126642258
44869,473102.1189388021
44870,560897.7429014475
44871,469273.98089435423
44872,512247.9452279466
44873,560897.7429014475
44874,58173.397007939064
44875,563581.7084825021
44876,173030.7164564896
44877,56455.80021240519
44878,131269.26629931538
44879,94682.1934444576
44880,496365.0619111667
44881,462370.9753570361
44882,512247.9452279466
44883,456265.0527065833
44884,523514.0601347731
44885,56627.327880307705
44886,545785.4169768337
44887,460027.4339858062
44888,526730.4905575466
44889,53261.37881750386
44890,568754.2551080029
44891,102092.03657891104
44892,506198.44099694956
44893,539739.4187453174
44894,586750.0939702032
44895,75244.55154286075
44896,56782.529162130064
44897,592708.1934233608
44898,143660.57239251467
44899,451611.98575747677
44900,527743.5947405851
44901,101921.49983837246
44902,117628.14116682504
44903,451076.8165963958
44904,68201.99236461378
44905,545785.4169768337
44906,469484.88513057923
44907,83251.31647680455
44908,63007.02004833195
44909,122070.20130598513
44910,480032.97049391357
44911,512247.9452279466
44912,527743.5947405851
44913,560897.7429014475
44914,49273.54277517831
44915,135452.05443365077
44916,74714.01940676058
44917,508411.6332076932
44918,560897.7429014475
44919,479285.4496720048
44920,451822.88999370177
44921,76860.39905745933
44922,165366.59789696752
44923,143831.37700109463
44924,511501.8718306407
44925,590402.3224596666
44926,527743.5947405851
44927,513652.79605609097
44928,473313.0231750271
44929,472168.8507116339
44930,555225.7336659015
44931,63963.516390697885
44932,451611.98575747677
44933,560897.7429014475
44934,108146.3743283352
44935,142805.80334288636
44936,506840.83300423506
44937,471957.9464754089
44938,60524.78005480981
44939,68684.52624167435
44940,532084.5126642258
44941,573095.1730316436
44942,517336.3071427763
44943,523608.0568286302
44944,498984.3207976798
44945,68543.5106990896
44946,482478.9726070326
44947,500794.83477271884
44948,499352.15176313295
44949,77628.43164185266
44950,482689.87684325763
44951,69294.58123194118
44952,508813.98936877673
44953,94001.81425404249
44954,480032.97049391357
44955,93823.78836922238
44956,469484.88513057923
44957,83713.92715212716
44958,482689.87684325763
44959,217811.9962743414
44960,506840.83300423506
44961,542212.4800901471
44962,473313.0231750271
44963,486493.1318519999
44964,61388.76645185804
44965,491979.04485302046
44966,547888.8147136766
44967,70400.25301447228
44968,498341.9287903943
44969,60649.16640158666
44970,53151.855445375324
44971,71985.34912448343
44972,64726.51992968144
44973,68201.99236461378
44974,469484.88513057923
44975,516901.0121770535
44976,539941.0248707812
44977,539994.9811650976
44978,464553.67731759173
44979,71985.34912448343
44980,451822.88999370177
44981,532084.5126642258
44982,196753.64329694145
44983,551697.533055943
44984,155944.20633428296
44985,543841.0208493875
44986,97210.84359298412
44987,451822.88999370177
44988,524978.7325518371
44989,52652.88964337572
44990,253689.35603184288
44991,512247.9452279466
44992,469273.98089435423
44993,513966.4053499921
44994,473102.1189388021
44995,535195.4272194294
44996,173241.62069271464
44997,563581.7084825021
44998,532593.9059458792
44999,175424.82744164224
45000,523553.04993868305
45001,62542.6101451671
45002,65024.616709544
45003,512247.9452279466
45004,451611.98575747677
45005,92061.1517403731
45006,68054.2149360033
45007,490387.54717491026
45008,220702.46105276025
45009,498341.9287903943
45010,573095.1730316436
45011,102072.80165193071
45012,80665.67158165343
45013,519887.08253402944
45014,95944.76089951131
45015,584851.6812168054
45016,82531.06274216942
45017,83891.89466767339
45018,97900.30360969111
45019,75277.16025777339
45020,177776.5137093178
45021,63407.04594210416
45022,545785.4169768337
45023,74850.47300297659
45024,450865.9123601708
45025,471957.9464754089
45026,518021.5225737501
45027,491338.87930300354
45028,144034.98009526703
45029,62501.6766093304
45030,123314.88315521003
45031,92711.10892546563
45032,573095.1730316436
45033,283436.28989960026
45034,61388.76645185804
45035,60848.20725948444
45036,486493.1318519999
45037,542423.3843263721
45038,188001.62526160752
45039,70533.19473944268
45040,405764.5450044248
45041,136254.8697412334
45042,452174.1503191628
45043,530427.5603216396
45044,63203.580667871014
45045,139740.6192065759
45046,588497.7726954772
45047,500555.12100113777
45048,77483.56453822041
45049,461976.1622851912
45050,68324.3186259945
45051,63303.010998226004
45052,49256.707829441075
45053,63303.010998226004
45054,566688.1787131836
45055,51728.34651391989
45056,87432.74243733475
45057,471957.9464754089
45058,512992.264902915
45059,512412.5165180488
45060,469273.98089435423
45061,164588.8606807131
45062,511501.8718306407
45063,486373.387929943
45064,553679.2505254127
45065,469484.88513057923
45066,142140.40855959727
45067,573095.1730316436
45068,462370.9753570361
45069,208046.9865161519
45070,504144.81179087784
45071,588535.1923034907
45072,474947.8293082334
45073,545143.0249695482
45074,521973.4682048713
45075,97745.48575247041
45076,197561.81324589415
45077,554228.4308533475
45078,107472.80419237299
45079,471957.9464754089
45080,498341.9287903943
45081,596391.7045100462
45082,512247.9452279466
45083,532084.5126642258
45084,498984.3207976798
45085,514140.6571461359
45086,121763.70246887614
45087,560897.7429014475
45088,533738.0784092724
45089,119330.41717564051
45090,532084.5126642258
45091,482386.4922249876
45092,477862.01858180756
45093,68201.99236461378
45094,469484.88513057923
45095,60848.20725948444
45096,560897.7429014475
45097,452170.9217792508
45098,73283.57414910936
45099,512247.9452279466
45100,65023.5124431227
45101,451076.8165963958
45102,512247.9452279466
45103,465299.7507148977
45104,483352.7241802638
45105,451611.98575747677
45106,71284.25863252854
45107,469484.88513057923
45108,99313.773914205
45109,61073.464839153516
45110,495524.0137186851
45111,71542.00046715492
45112,469273.98089435423
45113,56627.327880307705
45114,520445.8971892462
45115,572219.7060781164
45116,250939.53621184474
45117,451611.98575747677
45118,463927.1285592423
45119,532593.9059458792
45120,547524.5319360729
45121,78989.45098894328
45122,486162.483693718
45123,539994.9811650976
45124,56627.327880307705
45125,76371.69162006526
45126,272573.4439207768
45127,134298.99767115837
45128,83207.60287597711
45129,56627.327880307705
45130,49969.51065755451
45131,496365.0619111667
45132,471957.9464754089
45133,527743.5947405851
45134,517336.3071427763
45135,541968.1375296392
45136,539739.4187453174
45137,539352.5891578121
45138,555745.326920232
45139,55715.429028464154
45140,498341.9287903943
45141,71658.87099962558
45142,471089.86938979884
45143,495524.0137186851
45144,557911.9419400329
45145,519887.08253402944
45146,512247.9452279466
45147,282020.31279223127
45148,530427.5603216396
45149,451822.88999370177
45150,61388.76645185804
45151,545143.0249695482
45152,166184.7032876122
45153,60848.20725948444
45154,545143.0249695482
45155,522571.0481150841
45156,441034.34196769213
45157,500555.12100113777
45158,451611.98575747677
45159,417531.3729702099
45160,506840.83300423506
45161,100487.87136643151
45162,52127.471437058986
45163,463927.1285592423
45164,77337.74409130194
45165,63843.57019059962
45166,85217.68100707229
45167,237139.4449926179
45168,533738.0784092724
45169,500583.93053649383
45170,119330.41717564051
45171,65692.53089550106
45172,55532.15694127677
45173,532084.5126642258
45174,71354.23124125175
45175,512247.9452279466
45176,568754.2551080029
45177,60848.20725948444
45178,512247.9452279466
45179,65467.86485328499
45180,532084.5126642258
45181,480032.97049391357
45182,545785.4169768337
45183,547524.5319360729
45184,105557.77155255788
45185,522184.37244109623
45186,104224.47867035348
45187,547851.493371653
45188,568754.2551080029
45189,512247.9452279466
45190,134955.29974863646
45191,547524.5319360729
45192,560897.7429014475
45193,451822.88999370177
45194,226744.8261029724
45195,51123.458517453924
45196,199430.9130406984
45197,49793.89033410835
45198,82573.54374010635
45199,80946.65191837892
45200,461976.1622851912
45201,584851.6812168054
45202,495524.0137186851
45203,467024.0423061426
45204,529909.9403648245
45205,512247.9452279466
45206,532084.5126642258
45207,545060.0418740252
45208,63211.629995131065
45209,560897.7429014475
45210,571824.5455649394
45211,512992.264902915
45212,69400.16648804641
45213,114684.47670513426
45214,60848.20725948444
45215,450865.9123601708
45216,179056.9855704145
45217,51123.458517453924
45218,78487.18942567107
45219,72352.34405574859
45220,116454.868403966
45221,547888.8147136766
45222,480032.97049391357
45223,56627.327880307705
45224,67597.42576646636
45225,150534.2240856625
45226,551697.533055943
45227,528921.1723584845
45228,486493.1318519999
45229,68998.85783286516
45230,543841.0208493875
45231,62890.961766007924
45232,547888.8147136766
45233,187348.89725975966
45234,114684.47670513426
45235,505615.93301334954
45236,67698.80709049606
45237,451076.8165963958
45238,528175.0989611786
45239,188404.6048965177
45240,56627.327880307705
45241,157284.5231314206
45242,175721.95462684546
45243,469484.88513057923
45244,141159.1463383423
45245,68928.88522414195
45246,102884.97426530885
45247,60848.20725948444
45248,498984.3207976798
45249,499537.2453776125
45250,476852.32062835264
45251,456475.9569428083
45252,487785.9065849479
45253,482716.93607496825
45254,474736.9250720084
45255,527743.5947405851
45256,563581.7084825021
45257,90354.29746720931
45258,547524.5319360729
45259,596391.7045100462
45260,514734.6665528141
45261,101280.76028008912
45262,573095.1730316436
45263,566608.9735378796
45264,491072.76260588417
45265,73455.24380530819
45266,588497.7726954772
45267,473313.0231750271
45268,571182.1535576539
45269,512247.9452279466
45270,545822.7383188573
45271,64726.51992968144
45272,531136.2555988046
45273,469273.98089435423
45274,113376.78839933389
45275,545270.9461102502
45276,487575.00234872295
45277,573095.1730316436
45278,555381.0441426283
45279,72899.20519074757
45280,506840.83300423506
45281,74850.47300297659
45282,291296.09799869097
45283,274676.9557828949
45284,451822.88999370177
45285,498341.9287903943
45286,512247.9452279466
45287,61678.03143730096
45288,83981.45573310116
45289,521541.98043381074
45290,56627.327880307705
45291,68505.56965041929
45292,526730.4905575466
45293,422652.7463986184
45294,78484.88274858598
45295,461624.90195973014
45296,117480.88557252423
45297,111758.92585669461
45298,429728.2249114924
45299,67738.00165625293
45300,521973.4682048713
45301,51728.34651391989
45302,524748.7730880767
45303,140321.3557831204
45304,574581.4672007225
45305,579718.3791135184
45306,71599.79676292602
45307,102524.33032323165
45308,50806.57507876228
45309,51123.458517453924
45310,518133.4840463105
45311,473313.0231750271
45312,208046.9865161519
45313,60848.20725948444
45314,64726.51992968144
45315,465299.7507148977
45316,441034.34196769213
45317,547888.8147136766
45318,56627.327880307705
45319,241791.11222302416
45320,60848.20725948444
45321,464474.76882189413
45322,85970.63837540729
45323,456475.9569428083
45324,60848.20725948444
45325,547888.8147136766
45326,99958.08064684777
45327,123977.914585228
45328,494663.01043407514
45329,529909.9403648245
45330,464553.67731759173
45331,527743.5947405851
45332,560897.7429014475
45333,571182.1535576539
45334,566688.1787131836
45335,598258.8346662221
45336,519887.08253402944
45337,80504.6301670486
45338,280394.4693785243
45339,506878.1543462585
45340,473102.1189388021
45341,276545.6107486651
45342,60848.20725948444
45343,408659.4148217045
45344,217793.2612495344
45345,409592.6830488727
45346,56627.327880307705
45347,405456.6338213348
45348,506198.44099694956
45349,68201.99236461378
45350,418969.23531193304
45351,232198.26451900954
45352,70196.31127314843
45353,86901.01243073716
45354,90483.32070888732
45355,539739.4187453174
45356,519887.08253402944
45357,63963.516390697885
45358,529909.9403648245
45359,451076.8165963958
45360,56627.327880307705
45361,52127.471437058986
45362,232198.26451900954
45363,519887.08253402944
45364,501896.58927609946
45365,491072.76260588417
45366,528221.379938537
45367,78298.36837235304
45368,56627.327880307705
45369,49793.89033410835
45370,476971.24208485486
45371,84356.16269591088
45372,519887.08253402944
45373,155721.41204890446
45374,269687.5959235012
45375,236908.96706212874
45376,120812.51745755365
45377,598258.8346662221
45378,505796.28384953557
45379,480912.14407037105
45380,78179.63596710832
45381,490387.54717491026
45382,471957.9464754089
45383,60848.20725948444
45384,560897.7429014475
45385,275452.25379350904
45386,94095.46263384397
45387,463927.1285592423
45388,185171.96016068442
45389,573095.1730316436
45390,495524.0137186851
45391,483861.10853836144
45392,49273.54277517831
45393,498984.3207976798
45394,100487.87136643151
45395,571824.5455649394
45396,153009.37059055563
45397,532084.5126642258
45398,527743.5947405851
45399,490387.54717491026
45400,571182.1535576539
45401,220479.37717416656
45402,418969.23531193304
45403,462370.9753570361
45404,412667.4017848784
45405,155955.53840376725
45406,517336.3071427763
45407,506840.83300423506
45408,175418.5105966034
45409,498984.3207976798
45410,552769.6191456524
45411,557027.4542954119
45412,240508.45936850403
45413,49273.54277517831
45414,66294.61523435288
45415,560897.7429014475
45416,258654.65149861958
45417,512247.9452279466
45418,519887.08253402944
45419,498984.3207976798
45420,451822.88999370177
45421,253689.35603184288
45422,506198.44099694956
45423,533738.0784092724
45424,70196.31127314843
45425,451611.98575747677
45426,469484.88513057923
45427,512247.9452279466
45428,408659.4148217045
45429,516901.0121770535
45430,405764.5450044248
45431,114895.3809413593
45432,498341.9287903943
45433,65778.3306067108
45434,519887.08253402944
45435,488798.91422114626
45436,496604.2899708169
45437,48269.52985557327
45438,112755.70184550346
45439,554977.0657174101
45440,486704.0360882249
45441,405975.4492406498
45442,63007.02004833195
45443,451822.88999370177
45444,84463.64662365103
45445,451611.98575747677
45446,537286.5127629928
45447,75052.86128977076
45448,57962.66926772283
45449,469484.88513057923
45450,580951.6852381991
45451,545143.0249695482
45452,498221.87302081037
45453,500794.83477271884
45454,563581.7084825021
45455,469484.88513057923
45456,175418.5105966034
45457,568754.2551080029
45458,469484.88513057923
45459,297376.9348027135
45460,171548.6443549848
45461,469273.98089435423
45462,94010.91291559876
45463,98068.04986934086
45464,139946.86329353778
45465,63963.516390697885
45466,528221.379938537
45467,506840.83300423506
45468,506840.83300423506
45469,108223.8263254417
45470,512247.9452279466
45471,547581.1090219168
45472,217260.7612254913
45473,173551.81020103677
45474,380783.5911083251
45475,473102.1189388021
45476,516901.0121770535
45477,512247.9452279466
45478,584870.7950947338
45479,113411.08921804163
45480,544851.5771851169
45481,541805.4951401368
45482,377310.98425786477
45483,512247.9452279466
45484,462370.9753570361
45485,473102.1189388021
45486,55376.073200300845
45487,68201.99236461378
45488,512247.9452279466
45489,469484.88513057923
45490,584851.6812168054
45491,92937.5534919623
45492,76987.07820408167
45493,514734.6665528141
45494,573095.1730316436
45495,232198.26451900954
45496,110852.85106481156
45497,532593.9059458792
45498,592708.1934233608
45499,531388.4318453628
45500,545143.0249695482
45501,511501.8718306407
45502,60848.20725948444
45503,451611.98575747677
45504,512247.9452279466
45505,523352.61516273493
45506,467610.63964592764
45507,482803.4679263511
45508,512247.9452279466
45509,473102.1189388021
45510,207836.08227992686
45511,513652.79605609097
45512,473313.0231750271
45513,512247.9452279466
45514,521541.98043381074
45515,100449.76085598055
45516,405764.5450044248
45517,60074.41946685757
45518,441034.34196769213
45519,62663.02147549741
45520,409803.5872850977
45521,553006.0359434306
45522,491979.04485302046
45523,539528.5145090924
45524,68324.3186259945
45525,72691.02801142148
45526,136254.8697412334
45527,554228.4308533475
45528,560897.7429014475
45529,451611.98575747677
45530,519887.08253402944
45531,532084.5126642258
45532,180286.44273313705
45533,60848.20725948444
45534,498341.9287903943
45535,456475.9569428083
45536,491979.04485302046
45537,411921.32838757243
45538,451611.98575747677
45539,473313.0231750271
45540,462370.9753570361
45541,506198.44099694956
45542,475467.15185248305
45543,405764.5450044248
45544,557027.4542954119
45545,409803.5872850977
45546,566688.1787131836
45547,451611.98575747677
45548,69469.44441651556
45549,512247.9452279466
45550,532593.9059458792
45551,79642.21384859575
45552,195744.9512259455
45553,81943.08660619994
45554,473313.0231750271
45555,451822.88999370177
45556,63963.516390697885
45557,108201.57390338121
45558,481637.9547531332
45559,56455.80021240519
45560,227524.12318259492
45561,60661.78494532998
45562,417531.3729702099
45563,71137.50609507013
45564,75432.17610583045
45565,527743.5947405851
45566,533738.0784092724
45567,469484.88513057923
45568,69398.23378154547
45569,114723.14339338515
45570,568754.2551080029
45571,405975.4492406498
45572,451822.88999370177
45573,211797.9958699335
45574,146097.41509374688
45575,66774.36559461811
45576,500957.47716222116
45577,508813.98936877673
45578,60664.83629738386
45579,573095.1730316436
45580,512781.36066669
45581,495524.0137186851
45582,422652.7463986184
45583,482716.93607496825
45584,60756.826256389504
45585,532084.5126642258
45586,70743.69944015493
45587,469484.88513057923
45588,560897.7429014475
45589,512247.9452279466
45590,469273.98089435423
45591,513177.1350680264
45592,473102.1189388021
45593,539994.9811650976
45594,512247.9452279466
45595,63358.94979255044
45596,487575.00234872295
45597,456475.9569428083
45598,563581.7084825021
45599,524157.528805638
45600,433078.6740179401
45601,512247.9452279466
45602,67923.37515264403
45603,477862.01858180756
45604,526519.5863213217
45605,529909.9403648245
45606,451611.98575747677
45607,450865.9123601708
45608,539352.5891578121
45609,588535.1923034907
45610,523514.0601347731
45611,512247.9452279466
45612,229690.12369986047
45613,67112.86633736551
45614,544560.5169859481
45615,78557.37784567426
45616,500957.47716222116
45617,59111.30547563475
45618,450865.9123601708
45619,529909.9403648245
45620,49273.54277517831
45621,267467.52632103197
45622,451076.8165963958
45623,550572.7802947313
45624,596391.7045100462
45625,486373.387929943
45626,469416.30194330064
45627,60848.20725948444
45628,469484.88513057923
45629,508813.98936877673
45630,504333.3537480478
45631,529909.9403648245
45632,529909.9403648245
45633,405764.5450044248
45634,85499.86398025404
45635,462370.9753570361
45636,131053.9115534629
45637,553600.0453501088
45638,142884.63989422424
45639,477862.01858180756
45640,490387.54717491026
45641,405975.4492406498
45642,150216.4302058634
45643,56627.327880307705
45644,49793.89033410835
45645,508411.6332076932
45646,563581.7084825021
45647,56627.327880307705
45648,218867.30364883985
45649,65467.86485328499
45650,451963.2460829378
45651,100487.87136643151
45652,405975.4492406498
45653,573095.1730316436
45654,224688.1155714016
45655,527743.5947405851
45656,467610.63964592764
45657,509062.6573172681
45658,160411.7762453116
45659,547888.8147136766
45660,553679.2505254127
45661,60848.20725948444
45662,405975.4492406498
45663,483861.10853836144
45664,56627.327880307705
45665,75295.95722002443
45666,558831.6665066282
45667,464437.0051096278
45668,499352.15176313295
45669,405975.4492406498
45670,512247.9452279466
45671,65778.3306067108
45672,451611.98575747677
45673,506840.83300423506
45674,439973.49164905463
45675,498984.3207976798
45676,117198.18814598421
45677,418118.85389945214
45678,467024.0423061426
45679,545143.0249695482
45680,451822.88999370177
45681,451822.88999370177
45682,461624.90195973014
45683,54711.416108859106
45684,560897.7429014475
45685,119739.51985262566
45686,573095.1730316436
45687,261640.40417375357
45688,521541.98043381074
45689,547851.493371653
45690,148938.849339064
45691,78484.88274858598
45692,133687.14232355283
45693,513388.0393042512
45694,94352.23348929748
45695,464553.67731759173
45696,539739.4187453174
45697,54684.8877489593
45698,208053.75551050063
45699,547524.5319360729
45700,451822.88999370177
45701,77144.65206031331
45702,463927.1285592423
45703,60848.20725948444
45704,539352.5891578121
45705,461624.90195973014
45706,500794.83477271884
45707,473102.1189388021
45708,68201.99236461378
45709,498984.3207976798
45710,529909.9403648245
45711,470343.7959924929
45712,451611.98575747677
45713,451611.98575747677
45714,496604.2899708169
45715,451076.8165963958
45716,560897.7429014475
45717,127255.77375058662
45718,471957.9464754089
45719,473313.0231750271
45720,68201.99236461378
45721,79159.81960639363
45722,544851.5771851169
45723,566688.1787131836
45724,452170.9217792508
45725,451611.98575747677
45726,50811.98442535357
45727,68201.99236461378
45728,83436.76126519311
45729,517418.63213386876
45730,486373.387929943
45731,59664.54694293643
45732,483028.88423227303
45733,147999.29265905122
45734,64726.51992968144
45735,522571.0481150841
45736,532084.5126642258
45737,83700.38505396027
45738,477862.01858180756
45739,83814.36176254494
45740,49793.89033410835
45741,527743.5947405851
45742,59993.196424092224
45743,114895.3809413593
45744,528605.0804205412
45745,64809.15437593429
45746,498984.3207976798
45747,469273.98089435423
45748,461624.90195973014
45749,491979.04485302046
45750,545785.4169768337
45751,451611.98575747677
45752,451611.98575747677
45753,62882.66071022575
45754,532084.5126642258
45755,574581.4672007225
45756,419207.50018503884
45757,472258.17796933115
45758,91851.37341744344
45759,530427.5603216396
45760,511995.37557601236
45761,63007.02004833195
45762,506878.1543462585
45763,277672.32339597825
45764,563581.7084825021
45765,492379.63180923625
45766,405975.4492406498
45767,111758.92585669461
45768,527743.5947405851
45769,529909.9403648245
45770,80373.00734250402
45771,487785.9065849479
45772,52519.83640956088
45773,253250.4929387605
45774,63303.010998226004
45775,473313.0231750271
45776,512247.9452279466
45777,473313.0231750271
45778,100713.12125398281
45779,63963.516390697885
45780,68201.99236461378
45781,504144.81179087784
45782,531514.9246240442
45783,65319.67184071769
45784,512589.3849826907
45785,521541.98043381074
45786,508360.49675080844
45787,456265.0527065833
45788,68742.55155698738
45789,464437.0051096278
45790,63963.516390697885
45791,471783.6407657977
45792,482386.4922249876
45793,65778.3306067108
45794,512138.2144751495
45795,167482.53603341678
45796,157274.62576704516
45797,456475.9569428083
45798,514734.6665528141
45799,72770.05366687353
45800,475101.76268092607
45801,573095.1730316436
45802,87338.23115347038
45803,479044.20248757367
45804,121516.62358808875
45805,587659.7253499635
45806,527743.5947405851
45807,471783.6407657977
45808,512247.9452279466
45809,545785.4169768337
45810,496365.0619111667
45811,198185.91766161265
45812,545143.0249695482
45813,61388.76645185804
45814,211797.9958699335
45815,75101.81818857697
45816,60848.20725948444
45817,512247.9452279466
45818,450411.19563592266
45819,53809.88677377396
45820,474381.6559426032
45821,60848.20725948444
45822,62964.47101840194
45823,158624.7204119169
45824,461959.45864784665
45825,283436.28989960026
45826,429728.2249114924
45827,73766.66475067055
45828,82205.51189195462
45829,566688.1787131836
45830,506198.44099694956
45831,162394.82414422423
45832,405975.4492406498
45833,573095.1730316436
45834,142269.27084342184
45835,486162.483693718
45836,469484.88513057923
45837,532084.5126642258
45838,521973.4682048713
45839,548223.5010292022
45840,596391.7045100462
45841,116428.90606765104
45842,70813.67204887814
45843,506878.1543462585
45844,65351.47219538644
45845,528921.1723584845
45846,506840.83300423506
45847,75484.04326697106
45848,405975.4492406498
45849,532084.5126642258
45850,161690.75189478867
45851,131993.9928957097
45852,518133.4840463105
45853,49982.79118637188
45854,527743.5947405851
45855,545785.4169768337
45856,513388.0393042512
45857,571861.8669069629
45858,53394.62402504551
45859,160313.74623349847
45860,49969.51065755451
45861,73298.16682686993
45862,49273.54277517831
45863,54305.35892173078
45864,551697.533055943
45865,57377.58067028823
45866,500583.93053649383
45867,418118.85389945214
45868,487575.00234872295
45869,58173.397007939064
45870,60848.20725948444
45871,73660.26042561528
45872,498984.3207976798
45873,556025.8162883499
45874,473102.1189388021
45875,58118.477815305094
45876,498341.9287903943
45877,571182.1535576539
45878,80605.50224560489
45879,217260.7612254913
45880,527743.5947405851
45881,74944.11284570834
45882,573095.1730316436
45883,78406.88270313012
45884,512247.9452279466
45885,166341.95462132164
45886,412132.23262379743
45887,61388.76645185804
45888,491979.04485302046
45889,450865.9123601708
45890,231372.6037528306
45891,77454.70084311864
45892,517418.63213386876
45893,451822.88999370177
45894,52127.471437058986
45895,512247.9452279466
45896,60848.20725948444
45897,456475.9569428083
45898,76345.01759339265
45899,545143.0249695482
45900,545785.4169768337
45901,469484.88513057923
45902,462370.9753570361
45903,572219.7060781164
45904,161207.3995231
45905,508729.0054313635
45906,137908.34714633907
45907,572399.4093496158
45908,60848.20725948444
45909,498984.3207976798
45910,486162.483693718
45911,561515.6320876828
45912,506840.83300423506
45913,495524.0137186851
45914,61189.72559396027
45915,484457.9962975055
45916,71181.24791503132
45917,405764.5450044248
45918,264783.5607399773
45919,527743.5947405851
45920,529909.9403648245
45921,451822.88999370177
45922,111232.45513335177
45923,503478.8003537735
45924,55061.898280560665
45925,465299.7507148977
45926,85407.19105045848
45927,532084.5126642258
45928,461624.90195973014
45929,62663.02147549741
45930,58173.397007939064
45931,512247.9452279466
45932,512247.9452279466
45933,178339.8588566498
45934,67951.53059236139
45935,472168.8507116339
45936,169766.78421083497
45937,55715.429028464154
45938,511501.8718306407
45939,483861.10853836144
45940,180286.44273313705
45941,469273.98089435423
45942,463927.1285592423
45943,405975.4492406498
45944,142269.27084342184
45945,588535.1923034907
45946,50317.99759709978
45947,58173.397007939064
45948,555225.7336659015
45949,451822.88999370177
45950,48789.87741450328
45951,541968.1375296392
45952,539994.9811650976
45953,462370.9753570361
45954,138268.95684105088
45955,62183.33452759216
45956,545143.0249695482
45957,69489.0925304364
45958,451076.8165963958
45959,451611.98575747677
45960,535309.2567186746
45961,181808.05324638414
45962,52127.471437058986
45963,555381.0441426283
45964,535578.5323898826
45965,450865.9123601708
45966,141275.87639466033
45967,512247.9452279466
45968,55451.78729280016
45969,476601.4840909501
45970,473313.0231750271
45971,592727.3073012893
45972,512247.9452279466
45973,70478.82245975228
45974,49273.54277517831
45975,486704.0360882249
45976,553679.2505254127
45977,106578.48437422067
45978,571824.5455649394
45979,87576.79300074159
45980,53743.41721580289
45981,159835.8609223572
45982,419180.13954815804
45983,533738.0784092724
45984,97900.30360969111
45985,412667.4017848784
45986,62294.819210640126
45987,469273.98089435423
45988,473313.0231750271
45989,539352.5891578121
45990,506198.44099694956
45991,451822.88999370177
45992,519887.08253402944
45993,94001.81425404249
45994,532593.9059458792
45995,82074.74088536504
45996,469484.88513057923
45997,71321.95309319727
45998,565778.5473334233
45999,48269.52985557327
46000,164588.8606807131
46001,92657.54355305608
46002,519887.08253402944
46003,568754.2551080029
46004,68201.99236461378
46005,70743.69944015493
46006,592727.3073012893
46007,72552.5117986556
46008,462370.9753570361
46009,137313.13003001394
46010,64726.51992968144
46011,68617.21479995268
46012,592727.3073012893
46013,68742.55155698738
46014,65467.86485328499
46015,60848.20725948444
46016,451076.8165963958
46017,584851.6812168054
46018,566688.1787131836
46019,56018.62025252941
46020,462370.9753570361
46021,490387.54717491026
46022,584851.6812168054
46023,491979.04485302046
46024,63478.408605859935
46025,72899.20519074757
46026,68201.99236461378
46027,491979.04485302046
46028,82763.11553795708
46029,117198.18814598421
46030,526932.0966830105
46031,56627.327880307705
46032,451076.8165963958
46033,113710.21345766212
46034,527743.5947405851
46035,529909.9403648245
46036,450513.9694366647
46037,560897.7429014475
46038,506840.83300423506
46039,462370.9753570361
46040,69277.85156132697
46041,551697.533055943
46042,78204.88274067624
46043,555381.0441426283
46044,102928.99562423365
46045,539994.9811650976
46046,168709.28766741764
46047,73481.14300401145
46048,51123.458517453924
46049,63303.010998226004
46050,463927.1285592423
46051,565778.5473334233
46052,451822.88999370177
46053,544851.5771851169
46054,527743.5947405851
46055,451822.88999370177
46056,588535.1923034907
46057,583976.2142632782
46058,106051.66685714947
46059,480912.14407037105
46060,93856.75137455932
46061,418329.75813567714
46062,512247.9452279466
46063,60848.20725948444
46064,82966.33235044895
46065,560897.7429014475
46066,96070.3662996182
46067,164636.9197080003
46068,495524.0137186851
46069,560897.7429014475
46070,547524.5319360729
46071,60756.826256389504
46072,136101.632644203
46073,547851.493371653
46074,543841.0208493875
46075,70196.31127314843
46076,233114.24060061225
46077,469273.98089435423
46078,513966.4053499921
46079,574581.4672007225
46080,539739.4187453174
46081,539994.9811650976
46082,278207.3409409125
46083,62129.00616369504
46084,60848.20725948444
46085,504238.6320878231
46086,529909.9403648245
46087,465088.8464786727
46088,480032.97049391357
46089,450865.9123601708
46090,469484.88513057923
46091,464553.67731759173
46092,78744.28629412994
46093,545785.4169768337
46094,70743.69944015493
46095,451611.98575747677
46096,49793.89033410835
46097,500583.93053649383
46098,86343.23609407264
46099,450865.9123601708
46100,506198.44099694956
46101,72716.89120559888
46102,467610.63964592764
46103,512247.9452279466
46104,491979.04485302046
46105,592708.1934233608
46106,529909.9403648245
46107,512247.9452279466
46108,68201.99236461378
46109,174870.53278521032
46110,416523.53460398415
46111,512247.9452279466
46112,260971.1164426505
46113,440836.60021074157
46114,60848.20725948444
46115,519980.74502305867
46116,573095.1730316436
46117,62928.29616511633
46118,461624.90195973014
46119,63103.97014032822
46120,477862.01858180756
46121,60848.20725948444
46122,405975.4492406498
46123,482716.93607496825
46124,498984.3207976798
46125,56627.327880307705
46126,218029.247376765
46127,451465.8406341232
46128,63963.516390697885
46129,472168.8507116339
46130,498984.3207976798
46131,451822.88999370177
46132,516901.0121770535
46133,562458.6441073716
46134,111769.98061312333
46135,75824.50625153778
46136,480032.97049391357
46137,512247.9452279466
46138,547524.5319360729
46139,532084.5126642258
46140,60848.20725948444
46141,58118.477815305094
46142,84142.34917367014
46143,229690.12369986047
46144,469273.98089435423
46145,451822.88999370177
46146,49273.54277517831
46147,187972.8516413179
46148,413938.97669976024
46149,512781.36066669
46150,56627.327880307705
46151,571310.0746983561
46152,475467.15185248305
46153,77330.94744683611
46154,469484.88513057923
46155,560767.5015291462
46156,500555.12100113777
46157,545060.0418740252
46158,54467.70385938868
46159,83814.36176254494
46160,134955.29974863646
46161,68201.99236461378
46162,451611.98575747677
46163,75678.72771103468
46164,281253.7042472254
46165,517336.3071427763
46166,68928.88522414195
46167,456475.9569428083
46168,217049.85698926626
46169,179594.44028934487
46170,60395.85718262771
46171,60848.20725948444
46172,63303.010998226004
46173,571310.0746983561
46174,84156.31321611458
46175,574581.4672007225
46176,491979.04485302046
46177,69553.83748984696
46178,573095.1730316436
46179,512247.9452279466
46180,469273.98089435423
46181,451822.88999370177
46182,498341.9287903943
46183,49116.60636422815
46184,68201.99236461378
46185,486704.0360882249
46186,523553.04993868305
46187,56455.80021240519
46188,500555.12100113777
46189,409592.6830488727
46190,513652.79605609097
46191,216667.29216590757
46192,545143.0249695482
46193,56627.327880307705
46194,512247.9452279466
46195,469484.88513057923
46196,557027.4542954119
46197,512247.9452279466
46198,121366.08622759386
46199,560897.7429014475
46200,583976.2142632782
46201,213298.84763548465
46202,50986.80410597692
46203,565778.5473334233
46204,451076.8165963958
46205,480032.97049391357
46206,68661.27266686913
46207,456475.9569428083
46208,498984.3207976798
46209,451822.88999370177
46210,527743.5947405851
46211,588535.1923034907
46212,68928.88522414195
46213,475847.83607823204
46214,451822.88999370177
46215,451611.98575747677
46216,504238.6320878231
46217,512247.9452279466
46218,535129.2050446648
46219,451076.8165963958
46220,566688.1787131836
46221,209121.12131783995
46222,63193.55361159757
46223,267003.6303424465
46224,416523.53460398415
46225,60848.20725948444
46226,451076.8165963958
46227,549602.6479870657
46228,60848.20725948444
46229,107345.73204475071
46230,450865.9123601708
46231,571182.1535576539
46232,394697.64422177547
46233,60848.20725948444
46234,544851.5771851169
46235,409592.6830488727
46236,76897.29724511821
46237,62183.33452759216
46238,527743.5947405851
46239,451822.88999370177
46240,181808.05324638414
46241,486704.0360882249
46242,52614.23503941558
46243,539352.5891578121
46244,566688.1787131836
46245,469484.88513057923
46246,498341.9287903943
46247,53151.855445375324
46248,60649.16640158666
46249,159538.55406020794
46250,85491.19979759134
46251,52127.471437058986
46252,469416.30194330064
46253,451611.98575747677
46254,500363.46775554307
46255,498341.9287903943
46256,553679.2505254127
46257,84156.31321611458
46258,199437.60887799613
46259,539902.0611348199
46260,532593.9059458792
46261,63303.010998226004
46262,488798.91422114626
46263,533738.0784092724
46264,451822.88999370177
46265,512247.9452279466
46266,513177.1350680264
46267,574581.4672007225
46268,560897.7429014475
46269,526730.4905575466
46270,265255.6545821917
46271,512247.9452279466
46272,430329.39692175586
46273,512247.9452279466
46274,70743.69944015493
46275,60848.20725948444
46276,506878.1543462585
46277,111758.92585669461
46278,65173.76400856338
46279,451611.98575747677
46280,78182.96078107765
46281,61189.72559396027
46282,451076.8165963958
46283,62013.71871756305
46284,212224.2111006793
46285,544851.5771851169
46286,547524.5319360729
46287,64726.51992968144
46288,539739.4187453174
46289,66437.19132331946
46290,63095.60923585199
46291,486704.0360882249
46292,545785.4169768337
46293,506198.44099694956
46294,506198.44099694956
46295,76263.15041256134
46296,480912.14407037105
46297,76897.29724511821
46298,545143.0249695482
46299,583976.2142632782
46300,420670.33965151897
46301,74131.62614774748
46302,477862.01858180756
46303,482689.87684325763
46304,508411.6332076932
46305,511501.8718306407
46306,512247.9452279466
46307,117025.41852961102
46308,444834.88079793163
46309,60848.20725948444
46310,539941.0248707812
46311,464553.67731759173
46312,60848.20725948444
46313,166042.1182016149
46314,68926.40296484633
46315,55451.78729280016
46316,53740.58503655349
46317,75295.95722002443
46318,568754.2551080029
46319,521404.6102764213
46320,85601.4803046664
46321,113165.88416310886
46322,527743.5947405851
46323,560897.7429014475
46324,167882.07003934318
46325,405764.5450044248
46326,488798.91422114626
46327,513388.0393042512
46328,470878.96515357384
46329,529909.9403648245
46330,451076.8165963958
46331,506840.83300423506
46332,68505.56965041929
46333,56743.04260124908
46334,467610.63964592764
46335,532084.5126642258
46336,498984.3207976798
46337,183099.18565418225
46338,451822.88999370177
46339,560897.7429014475
46340,471957.9464754089
46341,451076.8165963958
46342,80801.583840672
46343,539994.9811650976
46344,55877.83646973036
46345,595411.272882344
46346,131253.62171176868
46347,560897.7429014475
46348,451822.88999370177
46349,498984.3207976798
46350,68928.88522414195
46351,409592.6830488727
46352,491979.04485302046
46353,462370.9753570361
46354,73555.51583142187
46355,53151.855445375324
46356,512247.9452279466
46357,153009.37059055563
46358,288534.5654527942
46359,513472.4452199048
46360,573095.1730316436
46361,291817.6136886864
46362,571182.1535576539
46363,572219.7060781164
46364,103095.87850153388
46365,521541.98043381074
46366,49273.54277517831
46367,473313.0231750271
46368,592727.3073012893
46369,461959.45864784665
46370,109044.93770822178
46371,587659.7253499635
46372,491979.04485302046
46373,532084.5126642258
46374,495524.0137186851
46375,267003.6303424465
46376,63843.57019059962
46377,470878.96515357384
46378,514734.6665528141
46379,63303.010998226004
46380,527743.5947405851
46381,532084.5126642258
46382,52127.471437058986
46383,498984.3207976798
46384,512247.9452279466
46385,280368.72829522257
46386,584851.6812168054
46387,543841.0208493875
46388,513966.4053499921
46389,217049.85698926626
46390,409803.5872850977
46391,486704.0360882249
46392,451822.88999370177
46393,521541.98043381074
46394,75837.58026943864
46395,451611.98575747677
46396,126485.91239444389
46397,60848.20725948444
46398,558796.1546183318
46399,66774.36559461811
46400,100487.87136643151
46401,513966.4053499921
46402,274197.54846356454
46403,49273.54277517831
46404,451076.8165963958
46405,416523.53460398415
46406,525598.3131704616
46407,66288.32180190647
46408,418969.23531193304
46409,523514.0601347731
46410,571824.5455649394
46411,422863.6506348434
46412,69250.89511631234
46413,469484.88513057923
46414,539244.9440519185
46415,477862.01858180756
46416,58160.36018389169
46417,64228.524961404415
46418,474947.8293082334
46419,141389.2456031632
46420,584870.7950947338
46421,506198.44099694956
46422,587659.7253499635
46423,68138.40917532479
46424,512247.9452279466
46425,456265.0527065833
46426,49273.54277517831
46427,479285.4496720048
46428,140639.05179003568
46429,469484.88513057923
46430,532593.9059458792
46431,49273.54277517831
46432,63963.516390697885
46433,65778.3306067108
46434,519887.08253402944
46435,512138.2144751495
46436,500794.83477271884
46437,463927.1285592423
46438,79760.99409005017
46439,56627.327880307705
46440,519887.08253402944
46441,560500.0611458723
46442,81942.98626171217
46443,500555.12100113777
46444,447830.00385561003
46445,545270.9461102502
46446,545143.0249695482
46447,529909.9403648245
46448,547524.5319360729
46449,163891.54733281306
46450,471783.6407657977
46451,539352.5891578121
46452,473102.1189388021
46453,500363.46775554307
46454,519887.08253402944
46455,560897.7429014475
46456,451611.98575747677
46457,52127.471437058986
46458,82219.7587290623
46459,55107.69338211727
46460,140321.3557831204
46461,563581.7084825021
46462,548007.2412898667
46463,519887.08253402944
46464,543841.0208493875
46465,49793.89033410835
46466,512247.9452279466
46467,473102.1189388021
46468,60848.20725948444
46469,584851.6812168054
46470,566688.1787131836
46471,179594.44028934487
46472,69862.15982677681
46473,51728.34651391989
46474,469273.98089435423
46475,505615.93301334954
46476,512247.9452279466
46477,532593.9059458792
46478,451822.88999370177
46479,232198.26451900954
46480,479044.20248757367
46481,59378.95416735387
46482,68926.40296484633
46483,512138.2144751495
46484,420351.672648432
46485,416523.53460398415
46486,524704.4973298121
46487,512247.9452279466
46488,156914.18252133596
46489,588535.1923034907
46490,60848.20725948444
46491,451822.88999370177
46492,545785.4169768337
46493,506878.1543462585
46494,78026.64676108643
46495,451076.8165963958
46496,451822.88999370177
46497,496655.42642770166
46498,68377.90406707281
46499,516901.0121770535
46500,566688.1787131836
46501,514734.6665528141
46502,460027.4339858062
46503,48269.52985557327
46504,520445.8971892462
46505,64726.51992968144
46506,511501.8718306407
46507,482478.9726070326
46508,539739.4187453174
46509,463927.1285592423
46510,498341.9287903943
46511,77320.7773626745
46512,500794.83477271884
46513,511927.3102389246
46514,462370.9753570361
46515,73977.56898689558
46516,506198.44099694956
46517,87127.32691724534
46518,62663.02147549741
46519,469484.88513057923
46520,49273.54277517831
46521,422652.7463986184
46522,63007.02004833195
46523,48269.52985557327
46524,477862.01858180756
46525,516901.0121770535
46526,60848.20725948444
46527,539352.5891578121
46528,52840.10975397477
46529,512247.9452279466
46530,208053.75551050063
46531,468496.11712423933
46532,56627.327880307705
46533,485212.9448330394
46534,93823.78836922238
46535,90462.4738091778
46536,457708.4288120656
46537,519887.08253402944
46538,469273.98089435423
46539,472168.8507116339
46540,539941.0248707812
46541,56455.80021240519
46542,500794.83477271884
46543,532593.9059458792
46544,450865.9123601708
46545,418969.23531193304
46546,60649.16640158666
46547,227536.65703407748
46548,545143.0249695482
46549,69855.46171445979
46550,103094.62050445663
46551,180286.44273313705
46552,87643.64667355975
46553,491979.04485302046
46554,200982.33623343395
46555,533738.0784092724
46556,68667.45697789222
46557,500794.83477271884
46558,56627.327880307705
46559,488798.91422114626
46560,232198.26451900954
46561,99747.17641062273
46562,482478.9726070326
46563,472100.2675243553
46564,284909.64293184294
46565,491979.04485302046
46566,217793.2612495344
46567,81742.59264066855
46568,512247.9452279466
46569,76653.17878572087
46570,142769.0893782874
46571,490592.8059056975
46572,86325.63202987143
46573,62964.47101840194
46574,473313.0231750271
46575,545143.0249695482
46576,498341.9287903943
46577,512589.3849826907
46578,580951.6852381991
46579,78002.32211831669
46580,126303.53982653598
46581,560862.5481499861
46582,92072.59941741194
46583,451217.17268563184
46584,60848.20725948444
46585,498984.3207976798
46586,457708.4288120656
46587,468256.51417539996
46588,548223.5010292022
46589,63404.68889907876
46590,545143.0249695482
46591,527743.5947405851
46592,464553.67731759173
46593,553085.2411187346
46594,135987.45504252065
46595,408448.5105854795
46596,512247.9452279466
46597,418969.23531193304
46598,82640.55216936622
46599,49273.54277517831
46600,451822.88999370177
46601,218970.0654608454
46602,63963.516390697885
46603,73481.14300401145
46604,494663.01043407514
46605,580951.6852381991
46606,213298.84763548465
46607,512247.9452279466
46608,500555.12100113777
46609,512247.9452279466
46610,451611.98575747677
46611,559390.16402501
46612,498341.9287903943
46613,416523.53460398415
46614,519887.08253402944
46615,588535.1923034907
46616,512992.264902915
46617,448518.391884617
46618,49273.54277517831
46619,512247.9452279466
46620,560897.7429014475
46621,527743.5947405851
46622,75345.58294019137
46623,68617.21479995268
46624,75142.3241710193
46625,68928.88522414195
46626,469205.39770707564
46627,573095.1730316436
46628,68201.99236461378
46629,60848.20725948444
46630,451611.98575747677
46631,51123.458517453924
46632,512247.9452279466
46633,275654.49634838593
46634,573095.1730316436
46635,105515.38044256423
46636,451611.98575747677
46637,498341.9287903943
46638,451611.98575747677
46639,494663.01043407514
46640,547851.493371653
46641,113530.5382323868
46642,79804.17414209933
46643,51728.34651391989
46644,66588.11045133715
46645,83981.45573310116
46646,482505.4684210453
46647,527743.5947405851
46648,533738.0784092724
46649,60848.20725948444
46650,477862.01858180756
46651,60848.20725948444
46652,83788.75772517089
46653,63963.516390697885
46654,64726.51992968144
46655,462370.9753570361
46656,500583.93053649383
46657,100283.51131230262
46658,567246.6762315654
46659,539352.5891578121
46660,500717.5960234408
46661,506198.44099694956
46662,500555.12100113777
46663,131053.9115534629
46664,63303.010998226004
46665,451822.88999370177
46666,506198.44099694956
46667,174196.73345616102
46668,571182.1535576539
46669,512992.264902915
46670,318354.4567071527
46671,503478.8003537735
46672,545143.0249695482
46673,462370.9753570361
46674,63963.516390697885
46675,55451.78729280016
46676,72533.07456076705
46677,133606.41601439592
46678,525598.3131704616
46679,486373.387929943
46680,529909.9403648245
46681,60848.20725948444
46682,49273.54277517831
46683,63843.57019059962
46684,539352.5891578121
46685,468496.11712423933
46686,451822.88999370177
46687,121087.58558021841
46688,137313.13003001394
46689,539994.9811650976
46690,514734.6665528141
46691,164664.37945915075
46692,78873.01072647337
46693,68324.3186259945
46694,598258.8346662221
46695,129142.96012747531
46696,543722.0993928852
46697,560897.7429014475
46698,573095.1730316436
46699,587659.7253499635
46700,394697.64422177547
46701,467750.04372693336
46702,63203.580667871014
46703,521331.0761975858
46704,571182.1535576539
46705,560897.7429014475
46706,500794.83477271884
46707,451611.98575747677
46708,467024.0423061426
46709,512247.9452279466
46710,183467.96793264244
46711,60848.20725948444
46712,61189.72559396027
46713,473102.1189388021
46714,515657.54792821745
46715,155955.53840376725
46716,56627.327880307705
46717,124282.91365939769
46718,51123.458517453924
46719,573095.1730316436
46720,506198.44099694956
46721,60848.20725948444
46722,98235.50031850995
46723,553679.2505254127
46724,491979.04485302046
46725,409803.5872850977
46726,84131.08108147034
46727,85462.37636173435
46728,514734.6665528141
46729,539352.5891578121
46730,498341.9287903943
46731,64726.51992968144
46732,80240.01499129857
46733,476852.32062835264
46734,504238.6320878231
46735,506878.1543462585
46736,545060.0418740252
46737,43352.00408082252
46738,153220.27482678066
46739,156642.1311241352
46740,68772.73196304578
46741,394697.64422177547
46742,512044.0078374938
46743,230521.93167590708
46744,49982.79118637188
46745,547209.1013643675
46746,68928.88522414195
46747,506284.14493958035
46748,543841.0208493875
46749,529909.9403648245
46750,512044.0078374938
46751,499049.0274922214
46752,54804.12728233305
46753,50806.57507876228
46754,512247.9452279466
46755,83514.23430517307
46756,453883.802486383
46757,571182.1535576539
46758,473102.1189388021
46759,86343.23609407264
46760,419180.13954815804
46761,488798.91422114626
46762,451611.98575747677
46763,473313.0231750271
46764,506878.1543462585
46765,207836.08227992686
46766,194179.05192136564
46767,49273.54277517831
46768,539994.9811650976
46769,560897.7429014475
46770,584851.6812168054
46771,450865.9123601708
46772,70023.26934527408
46773,512095.1442943785
46774,473729.82986023714
46775,473102.1189388021
46776,473313.0231750271
46777,67597.42576646636
46778,62663.02147549741
46779,450411.19563592266
46780,566688.1787131836
46781,545143.0249695482
46782,482386.4922249876
46783,452170.9217792508
46784,48269.52985557327
46785,67597.42576646636
46786,62663.02147549741
46787,476601.4840909501
46788,91850.24750414806
46789,532084.5126642258
46790,451822.88999370177
46791,527743.5947405851
46792,573095.1730316436
46793,451076.8165963958
46794,74152.54191471067
46795,512247.9452279466
46796,519887.08253402944
46797,86211.12522493166
46798,56455.80021240519
46799,194666.70500798814
46800,65648.35735033915
46801,501896.58927609946
46802,71195.65805061453
46803,480032.97049391357
46804,451611.98575747677
46805,573095.1730316436
46806,153220.27482678066
46807,512247.9452279466
46808,462370.9753570361
46809,451611.98575747677
46810,67219.60020425817
46811,533738.0784092724
46812,491072.76260588417
46813,83674.78934471721
46814,522071.585505039
46815,450865.9123601708
46816,68267.7381589498
46817,560897.7429014475
46818,127494.1269800133
46819,496365.0619111667
46820,544851.5771851169
46821,512247.9452279466
46822,522071.585505039
46823,68201.99236461378
46824,79480.5474560591
46825,65173.76400856338
46826,451822.88999370177
46827,544851.5771851169
46828,232198.26451900954
46829,451822.88999370177
46830,541368.6510647838
46831,514215.07329848345
46832,80309.41963452073
46833,67597.42576646636
46834,48269.52985557327
46835,499352.15176313295
46836,539994.9811650976
46837,464553.67731759173
46838,491072.76260588417
46839,512247.9452279466
46840,60848.20725948444
46841,461959.45864784665
46842,53740.58503655349
46843,440823.43773146713
46844,155693.3361716103
46845,75015.92270598325
46846,498984.3207976798
46847,117324.37832690847
46848,51728.34651391989
46849,551697.533055943
46850,501896.58927609946
46851,469484.88513057923
46852,588535.1923034907
46853,102696.55330694618
46854,71609.97293499467
46855,471957.9464754089
46856,506840.83300423506
46857,439973.49164905463
46858,68928.88522414195
46859,545785.4169768337
46860,60848.20725948444
46861,516901.0121770535
46862,412878.3060211034
46863,94012.8690104712
46864,244521.82365794768
46865,513480.3130702481
46866,483861.10853836144
46867,473313.0231750271
46868,68742.55155698738
46869,512247.9452279466
46870,566688.1787131836
46871,469484.88513057923
46872,430540.30115798087
46873,451076.8165963958
46874,68998.85783286516
46875,471957.9464754089
46876,587659.7253499635
46877,506878.1543462585
46878,221319.50945917287
46879,545785.4169768337
46880,588535.1923034907
46881,500583.93053649383
46882,290980.4325691751
46883,60848.20725948444
46884,84474.95530611376
46885,481462.8732398271
46886,506840.83300423506
46887,68928.88522414195
46888,119497.07445031343
46889,553679.2505254127
46890,573095.1730316436
46891,451076.8165963958
46892,527743.5947405851
46893,547524.5319360729
46894,60661.78494532998
46895,80886.99771470859
46896,529909.9403648245
46897,418969.23531193304
46898,64726.51992968144
46899,469273.98089435423
46900,55778.516242525024
46901,503478.8003537735
46902,139669.02917811417
46903,211797.9958699335
46904,456265.0527065833
46905,545270.9461102502
46906,405975.4492406498
46907,532084.5126642258
46908,85208.34065338863
46909,105914.7056371519
46910,167882.07003934318
46911,65467.86485328499
46912,181396.75056452845
46913,409592.6830488727
46914,553600.0453501088
46915,49793.89033410835
46916,486493.1318519999
46917,524978.7325518371
46918,473313.0231750271
46919,199170.50245690357
46920,571438.2206890576
46921,451822.88999370177
46922,529909.9403648245
46923,463927.1285592423
46924,553085.2411187346
46925,143469.26056931948
46926,159733.00965695397
46927,456265.0527065833
46928,63303.010998226004
46929,287349.71981834195
46930,405975.4492406498
46931,521541.98043381074
46932,543841.0208493875
46933,469273.98089435423
46934,469484.88513057923
46935,214185.1837035488
46936,60848.20725948444
46937,527743.5947405851
46938,191993.26633740822
46939,513177.1350680264
46940,93856.75137455932
46941,220702.46105276025
46942,511501.8718306407
46943,584870.7950947338
46944,457708.4288120656
46945,469484.88513057923
46946,498984.3207976798
46947,203338.41366052305
46948,65467.86485328499
46949,451217.17268563184
46950,545143.0249695482
46951,56627.327880307705
46952,516901.0121770535
46953,512247.9452279466
46954,450865.9123601708
46955,545785.4169768337
46956,394697.64422177547
46957,571182.1535576539
46958,588535.1923034907
46959,68201.99236461378
46960,451428.07692185685
46961,543841.0208493875
46962,469484.88513057923
46963,566688.1787131836
46964,71985.34912448343
46965,451822.88999370177
46966,498984.3207976798
46967,461959.45864784665
46968,68201.99236461378
46969,102613.14158164957
46970,83713.92715212716
46971,232198.26451900954
46972,506840.83300423506
46973,512247.9452279466
46974,101089.68779238306
46975,357229.48694886814
46976,491979.04485302046
46977,70148.92371211913
46978,473102.1189388021
46979,483861.10853836144
46980,532084.5126642258
46981,471957.9464754089
46982,405975.4492406498
46983,419207.50018503884
46984,560767.5015291462
46985,197561.81324589415
46986,512247.9452279466
46987,512247.9452279466
46988,43352.00408082252
46989,58160.36018389169
46990,522184.37244109623
46991,56455.80021240519
46992,506840.83300423506
46993,519887.08253402944
46994,465088.8464786727
46995,506878.1543462585
46996,529909.9403648245
46997,539739.4187453174
46998,563968.0333583839
46999,451822.88999370177
47000,469484.88513057923
47001,491979.04485302046
47002,519887.08253402944
47003,560897.7429014475
47004,529909.9403648245
47005,547524.5319360729
47006,72245.37849694163
47007,74988.88978747974
47008,70689.98171518037
47009,412667.4017848784
47010,580951.6852381991
47011,62263.52724100732
47012,532084.5126642258
47013,354255.8404956015
47014,405975.4492406498
47015,72867.02348983796
47016,134305.30920940984
47017,63193.55361159757
47018,97210.84359298412
47019,68201.99236461378
47020,76045.68253773566
47021,506878.1543462585
47022,405975.4492406498
47023,56627.327880307705
47024,48269.52985557327
47025,131566.822610022
47026,113165.88416310886
47027,477862.01858180756
47028,61826.617408498954
47029,367994.4513622675
47030,75432.17610583045
47031,427101.0297582413
47032,419180.13954815804
47033,500555.12100113777
47034,583976.2142632782
47035,456475.9569428083
47036,539941.0248707812
47037,469416.30194330064
47038,451822.88999370177
47039,476601.4840909501
47040,574581.4672007225
47041,506198.44099694956
47042,56627.327880307705
47043,105236.74206293149
47044,84506.6345922667
47045,496365.0619111667
47046,412132.23262379743
47047,514734.6665528141
47048,463927.1285592423
47049,512247.9452279466
47050,515657.54792821745
47051,49273.54277517831
47052,105407.62498591004
47053,545270.9461102502
47054,52127.471437058986
47055,514734.6665528141
47056,64726.51992968144
47057,495524.0137186851
47058,68269.67726961304
47059,210520.04786098155
47060,512247.9452279466
47061,584851.6812168054
47062,52652.88964337572
47063,456475.9569428083
47064,512101.8001045934
47065,43352.00408082252
47066,67801.44595623564
47067,547888.8147136766
47068,470132.89175626787
47069,60848.20725948444
47070,94001.81425404249
47071,490387.54717491026
47072,54305.35892173078
47073,56627.327880307705
47074,510165.01036719483
47075,77670.15685963523
47076,530145.6723504429
47077,547209.1013643675
47078,544851.5771851169
47079,477115.9451845016
47080,50986.80410597692
47081,541968.1375296392
47082,512247.9452279466
47083,412132.23262379743
47084,115372.89768423479
47085,236413.82112161888
47086,512247.9452279466
47087,83713.92715212716
47088,462370.9753570361
47089,70655.9859857201
47090,451611.98575747677
47091,49982.79118637188
47092,463927.1285592423
47093,560897.7429014475
47094,529909.9403648245
47095,62698.444400078566
47096,512247.9452279466
47097,456475.9569428083
47098,113710.21345766212
47099,547524.5319360729
47100,439973.49164905463
47101,487785.9065849479
47102,504238.6320878231
47103,63303.010998226004
47104,469273.98089435423
47105,514734.6665528141
47106,469484.88513057923
47107,61473.159525189454
47108,220479.37717416656
47109,547524.5319360729
47110,551697.533055943
47111,49793.89033410835
47112,506284.14493958035
47113,512247.9452279466
47114,68201.99236461378
47115,105515.38044256423
47116,68111.91170966145
47117,522184.37244109623
47118,62663.02147549741
47119,498984.3207976798
47120,81496.77600469199
47121,553600.0453501088
47122,469273.98089435423
47123,451822.88999370177
47124,71018.107344625
47125,106833.6064600072
47126,281353.8413169909
47127,498984.3207976798
47128,469484.88513057923
47129,512247.9452279466
47130,146763.00236514263
47131,191757.4510573565
47132,74714.01940676058
47133,504238.6320878231
47134,484827.75429141027
47135,456475.9569428083
47136,500583.93053649383
47137,70372.69201975562
47138,122214.66945971633
47139,62398.144495094755
47140,56627.327880307705
47141,569372.1442942383
47142,120549.44038725624
47143,543841.0208493875
47144,217775.774137629
47145,68661.27266686913
47146,512247.9452279466
47147,177696.3322289576
47148,451822.88999370177
47149,67698.80709049606
47150,65648.35735033915
47151,189303.3048198938
47152,211086.9700030305
47153,545143.0249695482
47154,104726.47211301123
47155,377100.08002163976
47156,577573.0975433951
47157,262579.9456422491
47158,51123.458517453924
47159,67282.67906929797
47160,405975.4492406498
47161,469484.88513057923
47162,473313.0231750271
47163,513288.80345653504
47164,531136.2555988046
47165,498341.9287903943
47166,524978.7325518371
47167,56627.327880307705
47168,496365.0619111667
47169,539941.0248707812
47170,101194.74729851043
47171,68201.99236461378
47172,422652.7463986184
47173,418969.23531193304
47174,462370.9753570361
47175,559390.4811618449
47176,524978.7325518371
47177,460027.4339858062
47178,500363.46775554307
47179,74131.62614774748
47180,105407.62498591004
47181,519887.08253402944
47182,94012.8690104712
47183,117950.43031084383
47184,451611.98575747677
47185,476852.32062835264
47186,519887.08253402944
47187,60848.20725948444
47188,80309.41963452073
47189,102896.02902173757
47190,500717.5960234408
47191,82245.48573490213
47192,451076.8165963958
47193,463927.1285592423
47194,93552.41033856606
47195,580951.6852381991
47196,541968.1375296392
47197,77465.85412246706
47198,469273.98089435423
47199,58330.342178378276
47200,408659.4148217045
47201,70743.69944015493
47202,486704.0360882249
47203,471957.9464754089
47204,573095.1730316436
47205,580951.6852381991
47206,485146.38432651246
47207,135567.40532186232
47208,498984.3207976798
47209,522184.37244109623
47210,519887.08253402944
47211,498984.3207976798
47212,94001.81425404249
47213,506878.1543462585
47214,521541.98043381074
47215,241716.36338546866
47216,106147.99616985107
47217,56627.327880307705
47218,50705.78918595187
47219,512247.9452279466
47220,473102.1189388021
47221,476601.4840909501
47222,500794.83477271884
47223,451822.88999370177
47224,281430.98995570204
47225,70743.69944015493
47226,68928.88522414195
47227,486704.0360882249
47228,462370.9753570361
47229,563581.7084825021
47230,498341.9287903943
47231,519887.08253402944
47232,571310.0746983561
47233,170252.11632527187
47234,553679.2505254127
47235,48789.87741450328
47236,451076.8165963958
47237,217260.7612254913
47238,74825.34951070539
47239,155955.53840376725
47240,82665.93572911248
47241,511853.1321561021
47242,543841.0208493875
47243,357440.39118509315
47244,527743.5947405851
47245,476852.32062835264
47246,64726.51992968144
47247,68928.88522414195
47248,572219.7060781164
47249,483239.78846849804
47250,450865.9123601708
47251,547888.8147136766
47252,491979.04485302046
47253,519887.08253402944
47254,574581.4672007225
47255,62129.00616369504
47256,158165.16971004184
47257,568754.2551080029
47258,512992.264902915
47259,68201.99236461378
47260,469273.98089435423
47261,65173.76400856338
47262,51728.34651391989
47263,501896.58927609946
47264,103955.27002913963
47265,451822.88999370177
47266,408448.5105854795
47267,469273.98089435423
47268,53151.855445375324
47269,486704.0360882249
47270,498341.9287903943
47271,230352.08158213593
47272,583976.2142632782
47273,512247.9452279466
47274,555381.0441426283
47275,512412.5165180488
47276,199929.34026304932
47277,482696.97803475836
47278,93358.22076563623
47279,480912.14407037105
47280,91216.23576345998
47281,64588.46865640287
47282,48789.87741450328
47283,70743.69944015493
47284,215975.2204544609
47285,60848.20725948444
47286,451611.98575747677
47287,86039.86645428491
47288,150534.2240856625
47289,469273.98089435423
47290,88081.72530381758
47291,215259.78782926218
47292,498341.9287903943
47293,560897.7429014475
47294,68742.55155698738
47295,520445.8971892462
47296,416523.53460398415
47297,533738.0784092724
47298,102696.55330694618
47299,69469.44441651556
47300,464553.67731759173
47301,496655.42642770166
47302,531514.9246240442
47303,215075.76726184614
47304,461334.2882001544
47305,464342.77308136673
47306,525724.805949143
47307,82566.09528118193
47308,59706.42931152303
47309,512247.9452279466
47310,115745.0535649603
47311,207836.08227992686
47312,539994.9811650976
47313,451611.98575747677
47314,214041.25552122048
47315,463927.1285592423
47316,539739.4187453174
47317,512247.9452279466
47318,474947.8293082334
47319,58173.397007939064
47320,76803.70960493495
47321,427631.90990323335
47322,512247.9452279466
47323,127149.61526427728
47324,171548.6443549848
47325,512247.9452279466
47326,427631.90990323335
47327,483861.10853836144
47328,588535.1923034907
47329,532084.5126642258
47330,139669.02917811417
47331,56455.80021240519
47332,462970.9036309885
47333,123105.72044232774
47334,106077.94695909336
47335,408448.5105854795
47336,545143.0249695482
47337,486493.1318519999
47338,522871.6681274875
47339,61678.03143730096
47340,137128.8131837849
47341,532593.9059458792
47342,555381.0441426283
47343,464553.67731759173
47344,560897.7429014475
47345,560897.7429014475
47346,56627.327880307705
47347,220343.66967590706
47348,521541.98043381074
47349,498984.3207976798
47350,61388.76645185804
47351,70669.66497810768
47352,60848.20725948444
47353,56627.327880307705
47354,473313.0231750271
47355,463927.1285592423
47356,252925.22186736256
47357,532084.5126642258
47358,92754.93384075654
47359,139850.5834055185
47360,62359.9044202545
47361,267467.52632103197
47362,146598.10744881234
47363,560897.7429014475
47364,527743.5947405851
47365,506198.44099694956
47366,465088.8464786727
47367,49273.54277517831
47368,480032.97049391357
47369,451822.88999370177
47370,565778.5473334233
47371,56627.327880307705
47372,465088.8464786727
47373,551697.533055943
47374,521541.98043381074
47375,60848.20725948444
47376,512044.0078374938
47377,53151.855445375324
47378,68201.99236461378
47379,514734.6665528141
47380,68826.94463031879
47381,213298.84763548465
47382,463927.1285592423
47383,196323.76062619188
47384,539739.4187453174
47385,62964.47101840194
47386,613698.8539380692
47387,498984.3207976798
47388,482478.9726070326
47389,498984.3207976798
47390,267152.28050255927
47391,482386.4922249876
47392,60756.826256389504
47393,561234.5558075353
47394,48789.87741450328
47395,473102.1189388021
47396,529909.9403648245
47397,63193.55361159757
47398,537166.4569934089
47399,68201.99236461378
47400,547164.5639346972
47401,573095.1730316436
47402,512247.9452279466
47403,411921.32838757243
47404,409592.6830488727
47405,68323.55607640307
47406,512247.9452279466
47407,511501.8718306407
47408,199430.9130406984
47409,563581.7084825021
47410,377100.08002163976
47411,456475.9569428083
47412,529909.9403648245
47413,506198.44099694956
47414,518133.4840463105
47415,512247.9452279466
47416,52127.471437058986
47417,60848.20725948444
47418,531514.9246240442
47419,473102.1189388021
47420,410667.36533505726
47421,522184.37244109623
47422,464437.0051096278
47423,451611.98575747677
47424,427631.90990323335
47425,532084.5126642258
47426,104292.15294002561
47427,529909.9403648245
47428,511501.8718306407
47429,563325.6413510984
47430,90747.36444149137
47431,70743.69944015493
47432,598258.8346662221
47433,512247.9452279466
47434,56627.327880307705
47435,153589.407780847
47436,473313.0231750271
47437,211594.74883965068
47438,47230.31675101952
47439,560086.2448438727
47440,72787.2792712475
47441,527743.5947405851
47442,423908.6711691831
47443,461959.45864784665
47444,53740.58503655349
47445,512247.9452279466
47446,547888.8147136766
47447,451076.8165963958
47448,519851.88778256805
47449,85967.68528743948
47450,451822.88999370177
47451,512247.9452279466
47452,451822.88999370177
47453,469484.88513057923
47454,65684.12728350761
47455,220343.66967590706
47456,543841.0208493875
47457,68928.88522414195
47458,522571.0481150841
47459,475467.15185248305
47460,488786.571366056
47461,512247.9452279466
47462,116248.96281172642
47463,545143.0249695482
47464,69616.26017224861
47465,473313.0231750271
47466,556816.550059187
47467,87564.3456863145
47468,568754.2551080029
47469,117872.7172173611
47470,56455.80021240519
47471,506840.83300423506
47472,522571.0481150841
47473,295613.61557572597
47474,532593.9059458792
47475,158261.23170988838
47476,217416.78863152774
47477,495524.0137186851
47478,72738.32589291784
47479,541805.4951401368
47480,586750.0939702032
47481,72368.0373283597
47482,512247.9452279466
47483,519887.08253402944
47484,473102.1189388021
47485,202912.46838715364
47486,229690.12369986047
47487,516901.0121770535
47488,498984.3207976798
47489,558796.4717551668
47490,519887.08253402944
47491,489005.3983997538
47492,265255.6545821917
47493,580951.6852381991
47494,151825.03038114661
47495,471089.86938979884
47496,527743.5947405851
47497,573095.1730316436
47498,512247.9452279466
47499,416523.53460398415
47500,394697.64422177547
47501,124103.8874888533
47502,68452.87193647069
47503,101054.327454128
47504,469273.98089435423
47505,49273.54277517831
47506,572219.7060781164
47507,519887.08253402944
47508,60848.20725948444
47509,53151.855445375324
47510,451611.98575747677
47511,451611.98575747677
47512,547524.5319360729
47513,537928.9047702783
47514,529909.9403648245
47515,451822.88999370177
47516,473313.0231750271
47517,532084.5126642258
47518,135345.06303523525
47519,142884.63989422424
47520,76370.35089962588
47521,512247.9452279466
47522,122664.27769110783
47523,506198.44099694956
47524,56627.327880307705
47525,463927.1285592423
47526,51123.458517453924
47527,452174.1503191628
47528,565778.5473334233
47529,87806.36357600256
47530,512247.9452279466
47531,107069.53538017528
47532,508360.49675080844
47533,519887.08253402944
47534,491979.04485302046
47535,267003.6303424465
47536,469484.88513057923
47537,63843.57019059962
47538,140235.41788139375
47539,72552.5117986556
47540,417320.4687339849
47541,547581.1090219168
47542,573095.1730316436
47543,48269.52985557327
47544,529909.9403648245
47545,52652.88964337572
47546,197238.10209269347
47547,62463.98061759963
47548,516901.0121770535
47549,473313.0231750271
47550,63303.010998226004
47551,77058.19651046036
47552,45806.80781956408
47553,68201.99236461378
47554,207836.08227992686
47555,451076.8165963958
47556,451822.88999370177
47557,94001.81425404249
47558,527743.5947405851
47559,51123.458517453924
47560,527743.5947405851
47561,142769.0893782874
47562,506198.44099694956
47563,584851.6812168054
47564,419180.13954815804
47565,461624.90195973014
47566,131227.33436514405
47567,523946.6245694131
47568,67874.77526725373
47569,527743.5947405851
47570,471783.6407657977
47571,78077.57982148643
47572,546626.5933807674
47573,63384.178015250975
47574,469273.98089435423
47575,298289.31728666386
47576,56627.327880307705
47577,142769.0893782874
47578,68928.88522414195
47579,194179.05192136564
47580,77502.55025209545
47581,566688.1787131836
47582,56627.327880307705
47583,451076.8165963958
47584,512247.9452279466
47585,211797.9958699335
47586,532593.9059458792
47587,547209.1013643675
47588,451611.98575747677
47589,222065.5828564788
47590,68201.99236461378
47591,55547.052260899
47592,215091.8085565743
47593,74577.37515352508
47594,156976.0605744619
47595,51633.75856948973
47596,164588.8606807131
47597,498341.9287903943
47598,539352.5891578121
47599,152982.1604894332
47600,483239.78846849804
47601,532084.5126642258
47602,49793.89033410835
47603,469484.88513057923
47604,539352.5891578121
47605,518133.4840463105
47606,451822.88999370177
47607,105925.63460715333
47608,519887.08253402944
47609,566688.1787131836
47610,160646.04830554116
47611,512247.9452279466
47612,451076.8165963958
47613,580951.6852381991
47614,45806.80781956408
47615,56627.327880307705
47616,512247.9452279466
47617,64726.51992968144
47618,473313.0231750271
47619,75277.16025777339
47620,473102.1189388021
47621,547888.8147136766
47622,100487.87136643151
47623,535195.4272194294
47624,593475.3524374077
47625,486162.483693718
47626,51728.34651391989
47627,451822.88999370177
47628,431188.3077836695
47629,73481.14300401145
47630,420351.672648432
47631,469273.98089435423
47632,97204.01511968613
47633,160279.0977921324
47634,533454.8253770173
47635,571182.1535576539
47636,513966.4053499921
47637,56627.327880307705
47638,103203.2931847277
47639,469416.30194330064
47640,197672.98185233667
47641,578950.1179106964
47642,229953.71662231107
47643,592727.3073012893
47644,505615.93301334954
47645,566688.1787131836
47646,512247.9452279466
47647,512247.9452279466
47648,574581.4672007225
47649,420881.24388774397
47650,63303.010998226004
47651,515657.54792821745
47652,496365.0619111667
47653,512247.9452279466
47654,178196.2510387892
47655,532084.5126642258
47656,452170.9217792508
47657,588535.1923034907
47658,227451.85701763816
47659,579803.2131434081
47660,588535.1923034907
47661,220196.13074099072
47662,517336.3071427763
47663,543841.0208493875
47664,457222.03034011426
47665,56455.80021240519
47666,476852.32062835264
47667,544851.5771851169
47668,451611.98575747677
47669,515696.53773212765
47670,476601.4840909501
47671,518133.4840463105
47672,469273.98089435423
47673,539941.0248707812
47674,49793.89033410835
47675,106988.80816822748
47676,495524.0137186851
47677,512247.9452279466
47678,418969.23531193304
47679,451611.98575747677
47680,102072.80165193071
47681,498984.3207976798
47682,506878.1543462585
47683,467024.0423061426
47684,490387.54717491026
47685,498984.3207976798
47686,450865.9123601708
47687,496604.2899708169
47688,60848.20725948444
47689,49273.54277517831
47690,563581.7084825021
47691,573095.1730316436
47692,451822.88999370177
47693,517336.3071427763
47694,539941.0248707812
47695,450865.9123601708
47696,72751.2328216274
47697,138915.3358153318
47698,506840.83300423506
47699,451611.98575747677
47700,65232.96691173817
47701,62698.444400078566
47702,543841.0208493875
47703,75277.16025777339
47704,65054.08268743819
47705,71207.29240354149
47706,498984.3207976798
47707,512589.3849826907
47708,512247.9452279466
47709,61189.72559396027
47710,61826.617408498954
47711,83713.92715212716
47712,49273.54277517831
47713,149951.08228362032
47714,482803.4679263511
47715,560897.7429014475
47716,79962.0127448033
47717,529909.9403648245
47718,476852.32062835264
47719,471957.9464754089
47720,518133.4840463105
47721,61388.76645185804
47722,516901.0121770535
47723,473102.1189388021
47724,403001.80278738315
47725,64779.28523441488
47726,77160.99059692981
47727,229635.29088139127
47728,484618.93542636133
47729,498341.9287903943
47730,506840.83300423506
47731,61073.464839153516
47732,68201.99236461378
47733,532084.5126642258
47734,563581.7084825021
47735,51728.34651391989
47736,483861.10853836144
47737,49793.89033410835
47738,469484.88513057923
47739,509853.7808412798
47740,469484.88513057923
47741,252925.22186736256
47742,512247.9452279466
47743,529909.9403648245
47744,529909.9403648245
47745,580951.6852381991
47746,516901.0121770535
47747,520445.8971892462
47748,49273.54277517831
47749,68201.99236461378
47750,462370.9753570361
47751,63234.487147434265
47752,56627.327880307705
47753,450865.9123601708
47754,451611.98575747677
47755,60848.20725948444
47756,500583.93053649383
47757,448307.487648392
47758,573095.1730316436
47759,49793.89033410835
47760,469484.88513057923
47761,111546.60691954526
47762,118865.45412163899
47763,240460.22528328135
47764,566688.1787131836
47765,469273.98089435423
47766,522571.0481150841
47767,571182.1535576539
47768,94068.09995796572
47769,500583.93053649383
47770,500794.83477271884
47771,70553.22311234672
47772,65684.12728350761
47773,60848.20725948444
47774,68928.88522414195
47775,451822.88999370177
47776,555381.0441426283
47777,516901.0121770535
47778,49802.56215915724
47779,547524.5319360729
47780,544851.5771851169
47781,470132.89175626787
47782,584870.7950947338
47783,136043.96550500835
47784,500555.12100113777
47785,555381.0441426283
47786,262579.9456422491
47787,512247.9452279466
47788,51728.34651391989
47789,102883.71626823163
47790,482716.93607496825
47791,506198.44099694956
47792,571182.1535576539
47793,56455.80021240519
47794,498984.3207976798
47795,197898.695067645
47796,450865.9123601708
47797,462370.9753570361
47798,584851.6812168054
47799,529909.9403648245
47800,527743.5947405851
47801,60848.20725948444
47802,526730.4905575466
47803,491979.04485302046
47804,215091.8085565743
47805,90773.77782228492
47806,422652.7463986184
47807,498341.9287903943
47808,416523.53460398415
47809,63303.010998226004
47810,418969.23531193304
47811,543841.0208493875
47812,451611.98575747677
47813,545270.9461102502
47814,70546.023357159
47815,506840.83300423506
47816,451611.98575747677
47817,181808.05324638414
47818,544851.5771851169
47819,545785.4169768337
47820,590402.3224596666
47821,173241.62069271464
47822,456265.0527065833
47823,63303.010998226004
47824,465088.8464786727
47825,512247.9452279466
47826,532084.5126642258
47827,56242.30092039367
47828,544851.5771851169
47829,512247.9452279466
47830,56646.6991721557
47831,62398.144495094755
47832,55547.052260899
47833,506840.83300423506
47834,451611.98575747677
47835,113499.30922143708
47836,512247.9452279466
47837,527743.5947405851
47838,68201.99236461378
47839,462370.9753570361
47840,440836.60021074157
47841,418969.23531193304
47842,452422.81826765416
47843,519887.08253402944
47844,464553.67731759173
47845,457011.12610388926
47846,53151.855445375324
47847,522184.37244109623
47848,187972.8516413179
47849,64588.46865640287
47850,473313.0231750271
47851,63619.57469240803
47852,527743.5947405851
47853,72481.41975851629
47854,512247.9452279466
47855,63095.60923585199
47856,529909.9403648245
47857,472883.34841702343
47858,60848.20725948444
47859,547294.8053069984
47860,68928.88522414195
47861,226518.18542647865
47862,191407.27080782427
47863,450865.9123601708
47864,547524.5319360729
47865,471783.6407657977
47866,512247.9452279466
47867,511501.8718306407
47868,529909.9403648245
47869,560897.7429014475
47870,68998.85783286516
47871,519887.08253402944
47872,514734.6665528141
47873,573095.1730316436
47874,467610.63964592764
47875,508729.0054313635
47876,483028.88423227303
47877,506198.44099694956
47878,56627.327880307705
47879,506920.68167331297
47880,57609.57340739773
47881,450865.9123601708
47882,545785.4169768337
47883,461624.90195973014
47884,506198.44099694956
47885,77345.00539038065
47886,473313.0231750271
47887,128987.14618482803
47888,547209.1013643675
47889,514734.6665528141
47890,53151.855445375324
47891,539352.5891578121
47892,409803.5872850977
47893,76170.47178204679
47894,61295.77383834418
47895,511995.37557601236
47896,512247.9452279466
47897,60848.20725948444
47898,164828.37147072755
47899,109044.93770822178
47900,486373.387929943
47901,469273.98089435423
47902,123314.88315521003
47903,522571.0481150841
47904,70973.7928791027
47905,405764.5450044248
47906,428025.4137799212
47907,505615.93301334954
47908,477862.01858180756
47909,63193.55361159757
47910,474736.9250720084
47911,587659.7253499635
47912,70743.69944015493
47913,555151.3175135539
47914,483861.10853836144
47915,545785.4169768337
47916,369583.79584389547
47917,215091.8085565743
47918,553600.0453501088
47919,469273.98089435423
47920,75598.3601149379
47921,451822.88999370177
47922,77015.35525852085
47923,533738.0784092724
47924,64726.51992968144
47925,512247.9452279466
47926,214994.22830881964
47927,84682.90836604375
47928,394908.54845800047
47929,84463.64662365103
47930,483239.78846849804
47931,60848.20725948444
47932,469273.98089435423
47933,529909.9403648245
47934,529909.9403648245
47935,471783.6407657977
47936,471957.9464754089
47937,65039.02575071021
47938,68906.70580467077
47939,560897.7429014475
47940,500957.47716222116
47941,232198.26451900954
47942,556816.550059187
47943,473313.0231750271
47944,469273.98089435423
47945,500555.12100113777
47946,529909.9403648245
47947,409592.6830488727
47948,512247.9452279466
47949,60848.20725948444
47950,547524.5319360729
47951,473313.0231750271
47952,568754.2551080029
47953,119436.05890278655
47954,573095.1730316436
47955,301910.3819041207
47956,254615.5724606664
47957,77330.94744683611
47958,511501.8718306407
47959,539352.5891578121
47960,463927.1285592423
47961,73906.77780419194
47962,580951.6852381991
47963,501896.58927609946
47964,119574.44427200803
47965,482716.93607496825
47966,164588.8606807131
47967,571824.5455649394
47968,226744.8261029724
47969,574581.4672007225
47970,553679.2505254127
47971,512247.9452279466
47972,72007.02887138707
47973,583976.2142632782
47974,57445.341723890386
47975,56627.327880307705
47976,563325.6413510984
47977,482803.4679263511
47978,495807.18289746833
47979,483028.88423227303
47980,49793.89033410835
47981,482597.3964612126
47982,572219.7060781164
47983,55451.78729280016
47984,473102.1189388021
47985,539994.9811650976
47986,512247.9452279466
47987,83981.45573310116
47988,508411.6332076932
47989,488798.91422114626
47990,533738.0784092724
47991,453883.802486383
47992,467610.63964592764
47993,68110.61136151884
47994,526519.5863213217
47995,529909.9403648245
47996,367723.5277585794
47997,62663.02147549741
47998,408659.4148217045
47999,547524.5319360729
48000,512247.9452279466
48001,107564.21934194762
48002,512247.9452279466
48003,100487.87136643151
48004,527743.5947405851
48005,112972.00513956248
48006,74714.01940676058
48007,451076.8165963958
48008,418969.23531193304
48009,573095.1730316436
48010,51728.34651391989
48011,592727.3073012893
48012,539739.4187453174
48013,53053.15403522551
48014,86211.12522493166
48015,543777.7794145092
48016,69294.58123194118
48017,65778.3306067108
48018,498341.9287903943
48019,557027.4542954119
48020,512599.205553408
48021,423426.39138443774
48022,451822.88999370177
48023,211797.9958699335
48024,512992.264902915
48025,512247.9452279466
48026,82566.09528118193
48027,588535.1923034907
48028,84145.25845968585
48029,423565.20946879865
48030,70023.26934527408
48031,533738.0784092724
48032,56242.30092039367
48033,527743.5947405851
48034,469273.98089435423
48035,48269.52985557327
48036,543841.0208493875
48037,60848.20725948444
48038,533738.0784092724
48039,500555.12100113777
48040,512247.9452279466
48041,506878.1543462585
48042,457497.5245758406
48043,495807.18289746833
48044,519887.08253402944
48045,521541.98043381074
48046,533738.0784092724
48047,469273.98089435423
48048,555225.7336659015
48049,482597.3964612126
48050,551697.533055943
48051,53743.41721580289
48052,476601.4840909501
48053,82665.93572911248
48054,500555.12100113777
48055,357229.48694886814
48056,264783.5607399773
48057,500583.93053649383
48058,527743.5947405851
48059,231372.6037528306
48060,103955.27002913963
48061,143577.947093302
48062,60848.20725948444
48063,539994.9811650976
48064,68201.99236461378
48065,463927.1285592423
48066,52652.88964337572
48067,483239.78846849804
48068,439973.49164905463
48069,53740.58503655349
48070,574465.4857444351
48071,512247.9452279466
48072,498207.97929973976
48073,519887.08253402944
48074,500363.46775554307
48075,529909.9403648245
48076,102884.97426530885
48077,613698.8539380692
48078,56627.327880307705
48079,72770.05366687353
48080,77320.7773626745
48081,509062.6573172681
48082,539994.9811650976
48083,588535.1923034907
48084,542423.3843263721
48085,227740.78024721632
48086,68201.99236461378
48087,68686.30924403685
48088,416523.53460398415
48089,82398.66754176292
48090,473102.1189388021
48091,60848.20725948444
48092,49273.54277517831
48093,588535.1923034907
48094,462370.9753570361
48095,469273.98089435423
48096,471783.6407657977
48097,553679.2505254127
48098,539739.4187453174
48099,91587.53834308579
48100,451611.98575747677
48101,527743.5947405851
48102,62501.6766093304
48103,500555.12100113777
48104,486704.0360882249
48105,511501.8718306407
48106,512247.9452279466
48107,121979.06689766601
48108,180213.42852492805
48109,463927.1285592423
48110,112255.1644303762
48111,64726.51992968144
48112,139211.23809040122
48113,50986.80410597692
48114,527743.5947405851
48115,60649.16640158666
48116,498984.3207976798
48117,60848.20725948444
48118,532084.5126642258
48119,498341.9287903943
48120,111758.92585669461
48121,451428.07692185685
48122,519887.08253402944
48123,69681.24249159923
48124,530427.5603216396
48125,73356.27351558022
48126,111507.88730672708
48127,469273.98089435423
48128,571182.1535576539
48129,537286.5127629928
48130,49273.54277517831
48131,56627.327880307705
48132,76586.42988648906
48133,566688.1787131836
48134,469484.88513057923
48135,82566.09528118193
48136,281148.92063515465
48137,425398.18910876836
48138,569442.94454218
48139,512247.9452279466
48140,451611.98575747677
48141,105935.83393654885
48142,521541.98043381074
48143,64545.106879681465
48144,520445.8971892462
48145,132435.0676168392
48146,68934.85042709135
48147,49273.54277517831
48148,574046.3698779724
48149,504238.6320878231
48150,511501.8718306407
48151,506198.44099694956
48152,49273.54277517831
48153,462370.9753570361
48154,543841.0208493875
48155,508411.6332076932
48156,451822.88999370177
48157,62663.02147549741
48158,512247.9452279466
48159,56627.327880307705
48160,545143.0249695482
48161,172923.0269224509
48162,124862.67939090187
48163,73862.27165636957
48164,49793.89033410835
48165,560897.7429014475
48166,470132.89175626787
48167,522184.37244109623
48168,456475.9569428083
48169,49273.54277517831
48170,545143.0249695482
48171,583976.2142632782
48172,517336.3071427763
48173,519887.08253402944
48174,566688.1787131836
48175,110070.26253214157
48176,123314.88315521003
48177,267003.6303424465
48178,70679.69203438112
48179,560897.7429014475
48180,439973.49164905463
48181,117964.97492707192
48182,486493.1318519999
48183,529909.9403648245
48184,569372.1442942383
48185,568462.512914478
48186,98496.60696021312
48187,532084.5126642258
48188,471957.9464754089
48189,229677.66706526946
48190,451611.98575747677
48191,467750.04372693336
48192,512247.9452279466
48193,463927.1285592423
48194,532084.5126642258
48195,93595.15054420091
48196,532084.5126642258
48197,73862.27165636957
48198,162281.6765313045
48199,451076.8165963958
48200,529909.9403648245
48201,74062.62792230166
48202,513472.4452199048
48203,560897.7429014475
48204,563581.7084825021
48205,210172.38435819536
48206,471957.9464754089
48207,61619.94720446029
48208,63358.94979255044
48209,522184.37244109623
48210,451822.88999370177
48211,260985.0247443047
48212,60848.20725948444
48213,512412.5165180488
48214,473313.0231750271
48215,409592.6830488727
48216,60784.1998537106
48217,280394.4693785243
48218,539941.0248707812
48219,139211.23809040122
48220,451822.88999370177
48221,571182.1535576539
48222,506198.44099694956
48223,527743.5947405851
48224,537987.660739608
48225,487785.9065849479
48226,476707.9570887854
48227,62698.444400078566
48228,51728.34651391989
48229,539352.5891578121
48230,436157.1787083277
48231,55627.40761624631
48232,452422.81826765416
48233,105407.62498591004
48234,563581.7084825021
48235,486373.387929943
48236,477862.01858180756
48237,512247.9452279466
48238,529203.5519023763
48239,64174.71863626746
48240,486373.387929943
48241,419180.13954815804
48242,175932.8588630705
48243,119847.49368556848
48244,566688.1787131836
48245,49793.89033410835
48246,563581.7084825021
48247,486493.1318519999
48248,513472.4452199048
48249,450865.9123601708
48250,566688.1787131836
48251,457011.12610388926
48252,527743.5947405851
48253,68928.88522414195
48254,513652.79605609097
48255,519887.08253402944
48256,560897.7429014475
48257,63303.010998226004
48258,89592.75780288289
48259,178196.2510387892
48260,226141.6201351415
48261,72478.20323648272
48262,532084.5126642258
48263,173241.62069271464
48264,98235.50031850995
48265,451076.8165963958
48266,451611.98575747677
48267,87564.3456863145
48268,473102.1189388021
48269,512247.9452279466
48270,483261.1589282201
48271,513652.79605609097
48272,169432.9233569552
48273,473102.1189388021
48274,69294.58123194118
48275,450865.9123601708
48276,543841.0208493875
48277,473102.1189388021
48278,451822.88999370177
48279,547524.5319360729
48280,422863.6506348434
48281,100449.76085598055
48282,49793.89033410835
48283,131516.7289829009
48284,56627.327880307705
48285,512247.9452279466
48286,477862.01858180756
48287,512044.0078374938
48288,541968.1375296392
48289,524250.4488359158
48290,545785.4169768337
48291,541622.7960714524
48292,529909.9403648245
48293,498984.3207976798
48294,63303.010998226004
48295,547209.1013643675
48296,488798.91422114626
48297,80673.79496284241
48298,463927.1285592423
48299,49273.54277517831
48300,598258.8346662221
48301,518021.5225737501
48302,514734.6665528141
48303,547164.5639346972
48304,532084.5126642258
48305,566688.1787131836
48306,62463.98061759963
48307,107472.80419237299
48308,83121.0159409177
48309,461624.90195973014
48310,451822.88999370177
48311,451217.17268563184
48312,560897.7429014475
48313,65232.537881009455
48314,63303.010998226004
48315,60848.20725948444
48316,512247.9452279466
48317,511501.8718306407
48318,207304.30349492948
48319,576979.088136717
48320,471089.86938979884
48321,529909.9403648245
48322,512247.9452279466
48323,61826.617408498954
48324,469484.88513057923
48325,409803.5872850977
48326,539941.0248707812
48327,451076.8165963958
48328,80733.1368041766
48329,513966.4053499921
48330,527743.5947405851
48331,214185.1837035488
48332,451822.88999370177
48333,142998.6710484452
48334,521822.9175565476
48335,62663.02147549741
48336,500583.93053649383
48337,64956.48034807198
48338,56927.63604211115
48339,482597.3964612126
48340,512247.9452279466
48341,130772.9700934778
48342,545143.0249695482
48343,90365.17226799631
48344,394697.64422177547
48345,159982.26739405838
48346,513966.4053499921
48347,557027.4542954119
48348,533738.0784092724
48349,80350.06588334785
48350,51123.458517453924
48351,513177.1350680264
48352,75455.03960112404
48353,64597.10834395794
48354,69033.52624651228
48355,215048.88359303714
48356,522184.37244109623
48357,68201.99236461378
48358,520445.8971892462
48359,63193.55361159757
48360,452170.9217792508
48361,571861.8669069629
48362,523514.0601347731
48363,68960.20050469296
48364,80562.38845372276
48365,56627.327880307705
48366,107472.80419237299
48367,498341.9287903943
48368,90741.2179081358
48369,498341.9287903943
48370,498341.9287903943
48371,73356.27351558022
48372,122070.20130598513
48373,64726.51992968144
48374,512247.9452279466
48375,539739.4187453174
48376,83382.09153957562
48377,533738.0784092724
48378,471783.6407657977
48379,70676.33467782945
48380,56627.327880307705
48381,511995.37557601236
48382,48789.87741450328
48383,547524.5319360729
48384,73821.7079013573
48385,566688.1787131836
48386,450865.9123601708
48387,473102.1189388021
48388,584870.7950947338
48389,553085.2411187346
48390,496365.0619111667
48391,511501.8718306407
48392,541805.4951401368
48393,469273.98089435423
48394,498984.3207976798
48395,519887.08253402944
48396,83149.88101773018
48397,483028.88423227303
48398,90677.0039722
48399,543841.0208493875
48400,498207.97929973976
48401,76395.83120476638
48402,450865.9123601708
48403,513966.4053499921
48404,512247.9452279466
48405,420881.24388774397
48406,491979.04485302046
48407,107472.80419237299
48408,87643.64667355975
48409,56627.327880307705
48410,60848.20725948444
48411,80309.41963452073
48412,267940.27518412226
48413,448307.487648392
48414,409592.6830488727
48415,512247.9452279466
48416,451822.88999370177
48417,61189.72559396027
48418,499913.0155990356
48419,469273.98089435423
48420,78484.88274858598
48421,488110.690868697
48422,451611.98575747677
48423,77766.00485622576
48424,588535.1923034907
48425,68201.99236461378
48426,56627.327880307705
48427,457708.4288120656
48428,408659.4148217045
48429,512247.9452279466
48430,512095.1442943785
48431,512247.9452279466
48432,533454.8253770173
48433,566688.1787131836
48434,547888.8147136766
48435,545143.0249695482
48436,306543.55064077507
48437,469484.88513057923
48438,554002.925270333
48439,543841.0208493875
48440,463927.1285592423
48441,498341.9287903943
48442,491979.04485302046
48443,145788.98750847965
48444,56627.327880307705
48445,529909.9403648245
48446,77810.41300951062
48447,486493.1318519999
48448,512247.9452279466
48449,93856.75137455932
48450,573095.1730316436
48451,512247.9452279466
48452,232198.26451900954
48453,103596.4159166612
48454,241101.35858262455
48455,529909.9403648245
48456,450865.9123601708
48457,49793.89033410835
48458,469484.88513057923
48459,526730.4905575466
48460,476601.4840909501
48461,52127.471437058986
48462,519887.08253402944
48463,53261.37881750386
48464,469484.88513057923
48465,506198.44099694956
48466,430329.39692175586
48467,518133.4840463105
48468,61388.76645185804
48469,500794.83477271884
48470,486493.1318519999
48471,210520.04786098155
48472,547294.8053069984
48473,74714.01940676058
48474,573095.1730316436
48475,72481.79622654535
48476,272573.4439207768
48477,543722.0993928852
48478,496921.4732932773
48479,476601.4840909501
48480,554228.4308533475
48481,63303.010998226004
48482,529909.9403648245
48483,463927.1285592423
48484,491979.04485302046
48485,65267.079122055045
48486,312786.5677224865
48487,572219.7060781164
48488,592727.3073012893
48489,64886.019101307524
48490,452422.81826765416
48491,468496.11712423933
48492,451611.98575747677
48493,463927.1285592423
48494,63303.010998226004
48495,422652.7463986184
48496,491979.04485302046
48497,545785.4169768337
48498,547524.5319360729
48499,307794.77973538864
48500,483239.78846849804
48501,74251.72407614006
48502,451822.88999370177
48503,418118.85389945214
48504,573095.1730316436
48505,532593.9059458792
48506,580150.6194284502
48507,513472.4452199048
48508,339500.2844199088
48509,70743.69944015493
48510,539941.0248707812
48511,139669.02917811417
48512,456265.0527065833
48513,522571.0481150841
48514,63303.010998226004
48515,53151.855445375324
48516,558831.6665066282
48517,539941.0248707812
48518,486343.22357536195
48519,49273.54277517831
48520,51728.34651391989
48521,451822.88999370177
48522,68826.94463031879
48523,519887.08253402944
48524,498984.3207976798
48525,52795.18258825096
48526,571182.1535576539
48527,80204.77840521658
48528,144773.12123060483
48529,451611.98575747677
48530,425492.4211370294
48531,166374.44457273293
48532,98235.50031850995
48533,66294.61523435288
48534,59990.714164796635
48535,439973.49164905463
48536,465088.8464786727
48537,545143.0249695482
48538,491979.04485302046
48539,519887.08253402944
48540,526730.4905575466
48541,562833.5779239655
48542,469484.88513057923
48543,88197.84095464127
48544,61233.758943666
48545,498984.3207976798
48546,486162.483693718
48547,506198.44099694956
48548,215091.8085565743
48549,539994.9811650976
48550,66467.29968364717
48551,532084.5126642258
48552,63165.5015662216
48553,74251.72407614006
48554,547888.8147136766
48555,61388.76645185804
48556,451611.98575747677
48557,486493.1318519999
48558,539941.0248707812
48559,506840.83300423506
48560,547851.493371653
48561,563581.7084825021
48562,464553.67731759173
48563,462370.9753570361
48564,64726.51992968144
48565,592727.3073012893
48566,539244.9440519185
48567,79539.67025025406
48568,73481.14300401145
48569,547851.493371653
48570,553085.2411187346
48571,545143.0249695482
48572,486373.387929943
48573,571824.5455649394
48574,240890.45434639952
48575,51123.458517453924
48576,49793.89033410835
48577,516901.0121770535
48578,87643.64667355975
48579,422652.7463986184
48580,451822.88999370177
48581,547524.5319360729
48582,473313.0231750271
48583,513388.0393042512
48584,469273.98089435423
48585,469484.88513057923
48586,56749.794416629135
48587,496655.42642770166
48588,73240.2291225674
48589,532084.5126642258
48590,473102.1189388021
48591,529909.9403648245
48592,532084.5126642258
48593,473102.1189388021
48594,484457.9962975055
48595,521331.0761975858
48596,164636.9197080003
48597,545785.4169768337
48598,573095.1730316436
48599,450865.9123601708
48600,480032.97049391357
48601,451822.88999370177
48602,62663.02147549741
48603,66467.29968364717
48604,512247.9452279466
48605,111845.24009847522
48606,232198.26451900954
48607,545785.4169768337
48608,512247.9452279466
48609,471783.6407657977
48610,68201.99236461378
48611,357440.39118509315
48612,587659.7253499635
48613,571824.5455649394
48614,545143.0249695482
48615,529909.9403648245
48616,513599.23452675034
48617,560897.7429014475
48618,77114.203565885
48619,573095.1730316436
48620,456265.0527065833
48621,137022.37142759142
48622,545270.9461102502
48623,560897.7429014475
48624,71284.25863252854
48625,60848.20725948444
48626,498984.3207976798
48627,72972.8294242873
48628,545143.0249695482
48629,148472.95308953433
48630,463927.1285592423
48631,545143.0249695482
48632,532084.5126642258
48633,113165.88416310886
48634,545143.0249695482
48635,111758.92585669461
48636,276739.69682989834
48637,519887.08253402944
48638,452170.9217792508
48639,62599.014069723606
48640,88457.83623433251
48641,68201.99236461378
48642,76263.15041256134
48643,462370.9753570361
48644,129142.96012747531
48645,68201.99236461378
48646,486704.0360882249
48647,500794.83477271884
48648,72899.20519074757
48649,610015.3428513838
48650,498984.3207976798
48651,563325.6413510984
48652,118834.78363792643
48653,527743.5947405851
48654,574581.4672007225
48655,48789.87741450328
48656,197859.46631950082
48657,56627.327880307705
48658,56455.80021240519
48659,500555.12100113777
48660,530427.5603216396
48661,50705.78918595187
48662,405764.5450044248
48663,529909.9403648245
48664,519887.08253402944
48665,530427.5603216396
48666,539739.4187453174
48667,134743.11520019334
48668,491979.04485302046
48669,71417.66564463504
48670,461959.45864784665
48671,473102.1189388021
48672,487141.9618785602
48673,101405.65153473546
48674,150510.24487316364
48675,605842.3417315137
48676,63303.010998226004
48677,469484.88513057923
48678,93515.44862475322
48679,461624.90195973014
48680,491979.04485302046
48681,485146.38432651246
48682,82750.97306585438
48683,469273.98089435423
48684,512247.9452279466
48685,49793.89033410835
48686,202479.44928908805
48687,111279.73994196633
48688,130994.96649686035
48689,529909.9403648245
48690,49273.54277517831
48691,491979.04485302046
48692,573095.1730316436
48693,253250.4929387605
48694,590402.3224596666
48695,543841.0208493875
48696,545785.4169768337
48697,174196.73345616102
48698,482716.93607496825
48699,514734.6665528141
48700,486704.0360882249
48701,60848.20725948444
48702,512247.9452279466
48703,409803.5872850977
48704,506920.68167331297
48705,539994.9811650976
48706,592727.3073012893
48707,49116.60636422815
48708,498984.3207976798
48709,68928.88522414195
48710,357229.48694886814
48711,521331.0761975858
48712,456265.0527065833
48713,74825.34951070539
48714,469484.88513057923
48715,67323.68095552541
48716,60729.523140863654
48717,64726.51992968144
48718,139669.02917811417
48719,51123.458517453924
48720,49273.54277517831
48721,118486.89221624567
48722,469484.88513057923
48723,62663.02147549741
48724,60848.20725948444
48725,108531.00906680991
48726,208840.84713392815
48727,134335.556118519
48728,465299.7507148977
48729,532084.5126642258
48730,85316.11784799649
48731,566688.1787131836
48732,91635.8711256076
48733,573095.1730316436
48734,87423.92012237773
48735,165366.59789696752
48736,467610.63964592764
48737,498010.96878458536
48738,529909.9403648245
48739,462370.9753570361
48740,142691.21505427998
48741,480032.97049391357
48742,73512.92002826116
48743,524157.528805638
48744,420351.672648432
48745,592727.3073012893
48746,467024.0423061426
48747,56627.327880307705
48748,484457.9962975055
48749,512247.9452279466
48750,487575.00234872295
48751,546626.5933807674
48752,462370.9753570361
48753,160112.03143429992
48754,418969.23531193304
48755,95465.79970147075
48756,80677.79604499818
48757,451822.88999370177
48758,498341.9287903943
48759,451822.88999370177
48760,512247.9452279466
48761,102884.97426530885
48762,451611.98575747677
48763,57983.67934383794
48764,456265.0527065833
48765,571182.1535576539
48766,102524.33032323165
48767,68201.99236461378
48768,422863.6506348434
48769,235197.80496542205
48770,154259.46457648766
48771,85671.13797389521
48772,573095.1730316436
48773,66869.71202566137
48774,431934.38118097547
48775,451822.88999370177
48776,405456.6338213348
48777,451611.98575747677
48778,73481.14300401145
48779,522571.0481150841
48780,450865.9123601708
48781,568754.2551080029
48782,563581.7084825021
48783,477467.20550996263
48784,513177.1350680264
48785,450865.9123601708
48786,63303.010998226004
48787,480032.97049391357
48788,451611.98575747677
48789,522184.37244109623
48790,500717.5960234408
48791,89208.24468177422
48792,59378.95416735387
48793,463927.1285592423
48794,553679.2505254127
48795,62294.819210640126
48796,472168.8507116339
48797,456475.9569428083
48798,56627.327880307705
48799,418066.5421312909
48800,539739.4187453174
48801,253273.60125886818
48802,491979.04485302046
48803,557027.4542954119
48804,114895.3809413593
48805,485118.7996924068
48806,409592.6830488727
48807,405975.4492406498
48808,584851.6812168054
48809,498984.3207976798
48810,49793.89033410835
48811,463927.1285592423
48812,60848.20725948444
48813,72925.25494869589
48814,123314.88315521003
48815,111758.92585669461
48816,61150.417266439086
48817,539994.9811650976
48818,545143.0249695482
48819,588535.1923034907
48820,472168.8507116339
48821,60848.20725948444
48822,469484.88513057923
48823,74403.55365333473
48824,563581.7084825021
48825,547209.1013643675
48826,451611.98575747677
48827,588535.1923034907
48828,451217.17268563184
48829,473313.0231750271
48830,70482.27119390517
48831,539739.4187453174
48832,122393.27140762605
48833,512247.9452279466
48834,527743.5947405851
48835,521541.98043381074
48836,456475.9569428083
48837,512247.9452279466
48838,411921.32838757243
48839,482696.97803475836
48840,498341.9287903943
48841,529909.9403648245
48842,456475.9569428083
48843,500794.83477271884
48844,174196.73345616102
48845,529909.9403648245
48846,477862.01858180756
48847,529909.9403648245
48848,94352.23348929748
48849,77668.6782819344
48850,512247.9452279466
48851,512247.9452279466
48852,546626.5933807674
48853,156642.1311241352
48854,177926.09943032154
48855,469484.88513057923
48856,462224.8302336825
48857,584851.6812168054
48858,84145.25845968585
48859,498341.9287903943
48860,473102.1189388021
48861,69420.10561639158
48862,545060.0418740252
48863,512762.868856559
48864,539994.9811650976
48865,469273.98089435423
48866,533738.0784092724
48867,547524.5319360729
48868,405975.4492406498
48869,60848.20725948444
48870,412483.4929492585
48871,500555.12100113777
48872,82496.23436286744
48873,555225.7336659015
48874,488798.91422114626
48875,506198.44099694956
48876,451611.98575747677
48877,86897.01134858138
48878,451076.8165963958
48879,429728.2249114924
48880,121033.1092476323
48881,512247.9452279466
48882,498984.3207976798
48883,451822.88999370177
48884,539994.9811650976
48885,71270.46337327013
48886,235773.79279523983
48887,63303.010998226004
48888,476601.4840909501
48889,451611.98575747677
48890,123314.88315521003
48891,453883.802486383
48892,486704.0360882249
48893,76586.42988648906
48894,494663.01043407514
48895,58173.397007939064
48896,545270.9461102502
48897,68201.99236461378
48898,473102.1189388021
48899,547524.5319360729
48900,86384.6229000507
48901,526136.4811508685
48902,451822.88999370177
48903,51728.34651391989
48904,56749.794416629135
48905,560897.7429014475
48906,501206.1451107125
48907,526730.4905575466
48908,461624.90195973014
48909,506284.14493958035
48910,469273.98089435423
48911,56627.327880307705
48912,500881.5192143757
48913,68826.94463031879
48914,580951.6852381991
48915,54974.64014830248
48916,573095.1730316436
48917,54804.12728233305
48918,520445.8971892462
48919,394908.54845800047
48920,573095.1730316436
48921,529909.9403648245
48922,103200.8138877245
48923,84654.7187557695
48924,571182.1535576539
48925,512247.9452279466
48926,508729.0054313635
48927,537928.9047702783
48928,469484.88513057923
48929,516901.0121770535
48930,529909.9403648245
48931,58165.76953048297
48932,544851.5771851169
48933,500363.46775554307
48934,491979.04485302046
48935,422863.6506348434
48936,498341.9287903943
48937,253472.0807297699
48938,483861.10853836144
48939,69539.41702523877
48940,506198.44099694956
48941,469273.98089435423
48942,433078.6740179401
48943,462370.9753570361
48944,117879.0092762866
48945,61388.76645185804
48946,560897.7429014475
48947,512247.9452279466
48948,588535.1923034907
48949,499913.0155990356
48950,83696.21984848945
48951,512589.3849826907
48952,519887.08253402944
48953,70139.13284200752
48954,512247.9452279466
48955,49273.54277517831
48956,490176.64293868525
48957,527743.5947405851
48958,123314.88315521003
48959,498341.9287903943
48960,540923.6759664536
48961,529909.9403648245
48962,491979.04485302046
48963,476601.4840909501
48964,543841.0208493875
48965,49273.54277517831
48966,439986.21879826067
48967,524704.4973298121
48968,48269.52985557327
48969,543841.0208493875
48970,62663.02147549741
48971,144124.57239230827
48972,68684.52624167435
48973,56627.327880307705
48974,452422.81826765416
48975,451822.88999370177
48976,457011.12610388926
48977,452170.9217792508
48978,491979.04485302046
48979,506840.83300423506
48980,545785.4169768337
48981,480032.97049391357
48982,525598.3131704616
48983,79997.7749970906
48984,97604.1822114874
48985,522571.0481150841
48986,469273.98089435423
48987,451611.98575747677
48988,78484.88274858598
48989,68201.99236461378
48990,60243.640661337005
48991,234593.05831525347
48992,58160.36018389169
48993,573095.1730316436
48994,566688.1787131836
48995,526519.5863213217
48996,430540.30115798087
48997,496655.42642770166
48998,521973.4682048713
48999,529909.9403648245
49000,473313.0231750271
49001,409592.6830488727
49002,236908.96706212874
49003,491979.04485302046
49004,471957.9464754089
49005,480032.97049391357
49006,125436.71851838591
49007,63303.010998226004
49008,56627.327880307705
49009,55376.073200300845
49010,530427.5603216396
49011,60848.20725948444
49012,60848.20725948444
49013,451076.8165963958
49014,451076.8165963958
49015,545143.0249695482
49016,539941.0248707812
49017,467610.63964592764
49018,512247.9452279466
49019,560897.7429014475
49020,485461.61278153077
49021,73481.14300401145
49022,164734.02075056738
49023,51123.458517453924
49024,451076.8165963958
49025,451611.98575747677
49026,60848.20725948444
49027,517785.4942509135
49028,208046.9865161519
49029,54711.416108859106
49030,512247.9452279466
49031,108375.99663429118
49032,77766.00485622576
49033,63303.010998226004
49034,48269.52985557327
49035,53740.58503655349
49036,54467.70385938868
49037,469273.98089435423
49038,60848.20725948444
49039,444623.97656170663
49040,469273.98089435423
49041,142998.6710484452
49042,114895.3809413593
49043,526236.0158641476
49044,502040.9619217319
49045,498341.9287903943
49046,212013.30686445427
49047,451822.88999370177
49048,498984.3207976798
49049,451076.8165963958
49050,83035.74226024079
49051,137313.13003001394
49052,522184.37244109623
49053,68201.99236461378
49054,129304.73953006191
49055,418969.23531193304
49056,521541.98043381074
49057,511501.8718306407
49058,74763.0007507702
49059,506284.14493958035
49060,82488.44075224869
49061,49116.60636422815
49062,512992.264902915
49063,409803.5872850977
49064,405764.5450044248
49065,512247.9452279466
49066,68002.951506716
49067,555381.0441426283
49068,216186.12469068595
49069,54711.416108859106
49070,91403.96687213173
49071,486336.67153064685
49072,68452.74454354229
49073,496604.2899708169
49074,241784.89343008667
49075,498341.9287903943
49076,433078.6740179401
49077,78661.13827675446
49078,236908.96706212874
49079,467024.0423061426
49080,484827.75429141027
49081,471783.6407657977
49082,484457.9962975055
49083,456265.0527065833
49084,521973.4682048713
49085,545785.4169768337
49086,391542.58070788445
49087,306543.55064077507
49088,77058.19651046036
49089,547209.1013643675
49090,527743.5947405851
49091,456475.9569428083
49092,499352.15176313295
49093,544851.5771851169
49094,73564.29307481207
49095,80061.7033293969
49096,451822.88999370177
49097,473313.0231750271
49098,517785.4942509135
49099,451822.88999370177
49100,464342.77308136673
49101,473313.0231750271
49102,504238.6320878231
49103,408448.5105854795
49104,484457.9962975055
49105,498341.9287903943
49106,524862.0603438731
49107,553679.2505254127
49108,473102.1189388021
49109,72867.02348983796
49110,527743.5947405851
49111,223914.82570816786
49112,87643.64667355975
49113,482689.87684325763
49114,518021.5225737501
49115,61361.321502664105
49116,56627.327880307705
49117,102092.03657891104
49118,469273.98089435423
49119,512247.9452279466
49120,462370.9753570361
49121,514734.6665528141
49122,240898.11155234172
49123,60848.20725948444
49124,491979.04485302046
49125,50806.57507876228
49126,107348.36249316245
49127,409803.5872850977
49128,473313.0231750271
49129,496921.4732932773
49130,244756.52620321186
49131,451611.98575747677
49132,60848.20725948444
49133,451611.98575747677
49134,469484.88513057923
49135,498341.9287903943
49136,457708.4288120656
49137,491979.04485302046
49138,469484.88513057923
49139,140428.14755381065
49140,164588.8606807131
49141,53105.67544261769
49142,498341.9287903943
49143,486162.483693718
49144,506198.44099694956
49145,142269.27084342184
49146,77749.21865846076
49147,498984.3207976798
49148,498341.9287903943
49149,367934.4319948044
49150,109353.06673436881
49151,70139.13284200752
49152,573095.1730316436
49153,532084.5126642258
49154,527743.5947405851
49155,469273.98089435423
49156,70973.7928791027
49157,512247.9452279466
49158,463927.1285592423
49159,543841.0208493875
49160,59090.97036735439
49161,191993.26633740822
49162,142979.99361451244
49163,63358.94979255044
49164,498984.3207976798
49165,539352.5891578121
49166,97745.48575247041
49167,69151.33764826901
49168,56782.529162130064
49169,447830.00385561003
49170,65684.12728350761
49171,75894.70358833211
49172,571438.2206890576
49173,498341.9287903943
49174,572219.7060781164
49175,521331.0761975858
49176,451611.98575747677
49177,430540.30115798087
49178,49793.89033410835
49179,473313.0231750271
49180,72715.16676481912
49181,512247.9452279466
49182,473102.1189388021
49183,543841.0208493875
49184,467610.63964592764
49185,521541.98043381074
49186,86815.3459170629
49187,451822.88999370177
49188,180286.44273313705
49189,217049.85698926626
49190,202103.00772102334
49191,66869.71202566137
49192,53151.855445375324
49193,539739.4187453174
49194,547524.5319360729
49195,504238.6320878231
49196,526730.4905575466
49197,451822.88999370177
49198,504333.3537480478
49199,529909.9403648245
49200,456475.9569428083
49201,68201.99236461378
49202,490387.54717491026
49203,486482.8166540003
49204,523514.0601347731
49205,215294.40247511462
49206,477115.9451845016
49207,97213.2922247483
49208,456265.0527065833
49209,516901.0121770535
49210,456265.0527065833
49211,77749.21865846076
49212,71628.20589747338
49213,512247.9452279466
49214,52127.471437058986
49215,506920.68167331297
49216,121366.08622759386
49217,48789.87741450328
49218,61388.76645185804
49219,529909.9403648245
49220,65778.3306067108
49221,73975.66902904325
49222,102696.55330694618
49223,551697.533055943
49224,522184.37244109623
49225,86565.92033975552
49226,55451.78729280016
49227,509062.6573172681
49228,469484.88513057923
49229,500583.93053649383
49230,68505.56965041929
49231,521541.98043381074
49232,418969.23531193304
49233,200543.4319005555
49234,62663.02147549741
49235,411921.32838757243
49236,520445.8971892462
49237,69203.29312861201
49238,573095.1730316436
49239,505615.93301334954
49240,456265.0527065833
49241,475467.15185248305
49242,592727.3073012893
49243,469484.88513057923
49244,450865.9123601708
49245,584851.6812168054
49246,512247.9452279466
49247,93822.58568652588
49248,525598.3131704616
49249,545785.4169768337
49250,69797.6319173261
49251,235773.79279523983
49252,95944.76089951131
49253,477862.01858180756
49254,491979.04485302046
49255,451611.98575747677
49256,512247.9452279466
49257,102524.33032323165
49258,68614.25238932935
49259,51728.34651391989
49260,473313.0231750271
49261,540774.6416581057
49262,188832.1608308694
49263,474234.9271064533
49264,513480.3130702481
49265,68201.99236461378
49266,518133.4840463105
49267,568754.2551080029
49268,501896.58927609946
49269,281281.26001233584
49270,571824.5455649394
49271,49273.54277517831
49272,512247.9452279466
49273,512247.9452279466
49274,486162.483693718
49275,451611.98575747677
49276,143469.26056931948
49277,409435.9549276237
49278,512247.9452279466
49279,155693.3361716103
49280,233711.10552027627
49281,145788.98750847965
49282,473102.1189388021
49283,106068.22433362433
49284,142998.6710484452
49285,101425.2612646909
49286,543841.0208493875
49287,488508.5497046113
49288,471957.9464754089
49289,110348.84327789981
49290,63303.010998226004
49291,430540.30115798087
49292,485461.61278153077
49293,477562.6055053627
49294,471783.6407657977
49295,159538.55406020794
49296,525598.3131704616
49297,500583.93053649383
49298,480032.97049391357
49299,60848.20725948444
49300,61665.82594530327
49301,313498.80108059273
49302,165366.59789696752
49303,506840.83300423506
49304,489561.6550127436
49305,545143.0249695482
49306,149032.37763637185
49307,469273.98089435423
49308,235773.79279523983
49309,543841.0208493875
49310,506840.83300423506
49311,96252.06826554658
49312,508813.98936877673
49313,461624.90195973014
49314,547164.5639346972
49315,558796.4717551668
49316,84356.16269591088
49317,571182.1535576539
49318,473313.0231750271
49319,76336.83422712953
49320,92870.4356222328
49321,112753.23582413113
49322,405764.5450044248
49323,512247.9452279466
49324,61388.76645185804
49325,554977.0657174101
49326,430540.30115798087
49327,574581.4672007225
49328,542423.3843263721
49329,516901.0121770535
49330,498341.9287903943
49331,505615.93301334954
49332,547524.5319360729
49333,65607.02971900455
49334,70613.72023735067
49335,543841.0208493875
49336,560897.7429014475
49337,451611.98575747677
49338,572399.0922127808
49339,573095.1730316436
49340,81411.38820165882
49341,451822.88999370177
49342,519887.08253402944
49343,473313.0231750271
49344,521541.98043381074
49345,473313.0231750271
49346,571182.1535576539
49347,63303.010998226004
49348,59972.71289145081
49349,512247.9452279466
49350,588535.1923034907
49351,498341.9287903943
49352,193213.46652384402
49353,473102.1189388021
49354,208840.84713392815
49355,51123.458517453924
49356,500555.12100113777
49357,48789.87741450328
49358,521541.98043381074
49359,99711.51267893995
49360,70743.69944015493
49361,81165.7832884727
49362,58173.397007939064
49363,82179.98736025461
49364,229690.12369986047
49365,70973.7928791027
49366,560897.7429014475
49367,512095.1442943785
49368,499352.15176313295
49369,587659.7253499635
49370,408448.5105854795
49371,217811.9962743414
49372,51728.34651391989
49373,565778.5473334233
49374,464685.67305811914
49375,527743.5947405851
49376,54697.924573006705
49377,181536.73593867198
49378,482696.97803475836
49379,447830.00385561003
49380,451822.88999370177
49381,465299.7507148977
49382,43352.00408082252
49383,498984.3207976798
49384,68281.30998708011
49385,529909.9403648245
49386,495524.0137186851
49387,512247.9452279466
49388,70743.69944015493
49389,67173.20770736523
49390,451076.8165963958
49391,124862.67939090187
49392,469484.88513057923
49393,490176.64293868525
49394,527743.5947405851
49395,88424.79081751009
49396,217837.15768923404
49397,63303.010998226004
49398,512247.9452279466
49399,506840.83300423506
49400,81686.84248394407
49401,75967.2842254131
49402,159289.12030837673
49403,83018.73417131849
49404,170566.03562039786
49405,539941.0248707812
49406,512247.9452279466
49407,473313.0231750271
49408,239267.68534462873
49409,512247.9452279466
49410,75168.9691491448
49411,68201.99236461378
49412,70478.82245975228
49413,58330.342178378276
49414,418969.23531193304
49415,213087.94339925962
49416,499352.15176313295
49417,543841.0208493875
49418,500794.83477271884
49419,53993.01074669213
49420,60243.640661337005
49421,512599.205553408
49422,61388.76645185804
49423,469273.98089435423
49424,558831.6665066282
49425,463927.1285592423
49426,405764.5450044248
49427,159939.36454116012
49428,86815.3459170629
49429,60464.47768799669
49430,491979.04485302046
49431,486482.8166540003
49432,87643.64667355975
49433,63734.11280397118
49434,560897.7429014475
49435,419180.13954815804
49436,63195.97452437711
49437,105557.77155255788
49438,512247.9452279466
49439,485118.7996924068
49440,560897.7429014475
49441,60848.20725948444
49442,452422.81826765416
49443,490176.64293868525
49444,60848.20725948444
49445,84142.34917367014
49446,554977.0657174101
49447,588535.1923034907
49448,122368.26906702359
49449,517647.0855743594
49450,547581.1090219168
49451,122368.26906702359
49452,62663.02147549741
49453,357440.39118509315
49454,261509.38741086033
49455,543841.0208493875
49456,451076.8165963958
49457,573095.1730316436
49458,547209.1013643675
49459,68189.58120019619
49460,588535.1923034907
49461,547524.5319360729
49462,64726.51992968144
49463,469484.88513057923
49464,49793.89033410835
49465,56782.529162130064
49466,49273.54277517831
49467,532084.5126642258
49468,529909.9403648245
49469,598258.8346662221
49470,49273.54277517831
49471,60848.20725948444
49472,310478.7453164433
49473,68201.99236461378
49474,68201.99236461378
49475,451611.98575747677
49476,416523.53460398415
49477,50986.80410597692
49478,97210.84359298412
49479,525642.0064574693
49480,469273.98089435423
49481,572219.7060781164
49482,512247.9452279466
49483,70655.9859857201
49484,456265.0527065833
49485,67597.42576646636
49486,63963.516390697885
49487,514215.07329848345
49488,123166.57665259301
49489,573203.6925228029
49490,405764.5450044248
49491,451611.98575747677
49492,512247.9452279466
49493,128932.05589125025
49494,462370.9753570361
49495,498341.9287903943
49496,529909.9403648245
49497,531514.9246240442
49498,508411.6332076932
49499,167671.16580311814
49500,532281.9245409364
49501,452211.91403142916
49502,137313.13003001394
49503,73481.14300401145
49504,191451.5911885951
49505,473102.1189388021
49506,202103.00772102334
49507,469484.88513057923
49508,512247.9452279466
49509,491979.04485302046
49510,405975.4492406498
49511,417531.3729702099
49512,560897.7429014475
49513,473313.0231750271
49514,483028.88423227303
49515,473102.1189388021
49516,453142.89299121517
49517,568462.512914478
49518,527743.5947405851
49519,566688.1787131836
49520,512247.9452279466
49521,573095.1730316436
49522,573095.1730316436
49523,472168.8507116339
49524,50986.80410597692
49525,88029.40607467257
49526,548223.5010292022
49527,267940.27518412226
49528,126503.12366743684
49529,233982.06412102966
49530,469273.98089435423
49531,503478.8003537735
49532,519887.08253402944
49533,541579.5553010087
49534,512247.9452279466
49535,180286.44273313705
49536,272503.25244358083
49537,53151.855445375324
49538,512247.9452279466
49539,506198.44099694956
49540,462370.9753570361
49541,489871.40068416786
49542,512247.9452279466
49543,68742.55155698738
49544,111802.94721561944
49545,84156.31321611458
49546,544851.5771851169
49547,451822.88999370177
49548,422863.6506348434
49549,512247.9452279466
49550,498341.9287903943
49551,405975.4492406498
49552,49273.54277517831
49553,512247.9452279466
49554,194666.70500798814
49555,522184.37244109623
49556,61473.159525189454
49557,444834.88079793163
49558,482478.9726070326
49559,512247.9452279466
49560,461624.90195973014
49561,513177.1350680264
49562,569372.1442942383
49563,64726.51992968144
49564,480032.97049391357
49565,58118.477815305094
49566,427631.90990323335
49567,416523.53460398415
49568,470132.89175626787
49569,491979.04485302046
49570,53844.122673579834
49571,545270.9461102502
49572,491979.04485302046
49573,71911.10077603314
49574,469484.88513057923
49575,52127.471437058986
49576,102928.99562423365
49577,477862.01858180756
49578,64726.51992968144
49579,451963.2460829378
49580,369583.79584389547
49581,63840.355808803426
49582,512247.9452279466
49583,573095.1730316436
49584,425281.5169008044
49585,59707.05337126895
49586,71887.17084183077
49587,85462.37636173435
49588,56627.327880307705
49589,587659.7253499635
49590,512599.205553408
49591,58160.36018389169
49592,544851.5771851169
49593,72541.19392382217
49594,451822.88999370177
49595,547888.8147136766
49596,573095.1730316436
49597,416523.53460398415
49598,574581.4672007225
49599,506840.83300423506
49600,469484.88513057923
49601,57296.955513722
49602,467610.63964592764
49603,532084.5126642258
49604,506840.83300423506
49605,463927.1285592423
49606,51728.34651391989
49607,498341.9287903943
49608,189532.79921091784
49609,452170.9217792508
49610,49273.54277517831
49611,82665.93572911248
49612,194179.05192136564
49613,539739.4187453174
49614,229690.12369986047
49615,241101.35858262455
49616,462370.9753570361
49617,523514.0601347731
49618,539528.5145090924
49619,64121.953331533994
49620,49273.54277517831
49621,451822.88999370177
49622,519887.08253402944
49623,139018.2395748317
49624,479285.4496720048
49625,452170.9217792508
49626,63211.629995131065
49627,107472.80419237299
49628,121366.08622759386
49629,441034.34196769213
49630,512247.9452279466
49631,573095.1730316436
49632,56627.327880307705
49633,56627.327880307705
49634,475467.15185248305
49635,70138.37029241602
49636,480032.97049391357
49637,613698.8539380692
49638,277672.32339597825
49639,522184.37244109623
49640,49793.89033410835
49641,142873.77287406885
49642,178196.2510387892
49643,87643.64667355975
49644,512247.9452279466
49645,451076.8165963958
49646,490387.54717491026
49647,89208.24468177422
49648,56927.63604211115
49649,68201.99236461378
49650,451611.98575747677
49651,73478.9165778571
49652,508411.6332076932
49653,469273.98089435423
49654,229690.12369986047
49655,92408.1753591596
49656,75254.57859913418
49657,405975.4492406498
49658,545785.4169768337
49659,157965.51140396352
49660,357440.39118509315
49661,471783.6407657977
49662,529909.9403648245
49663,97422.07223865594
49664,512247.9452279466
49665,530768.8512267383
49666,529909.9403648245
49667,473313.0231750271
49668,59657.772025724946
49669,142140.40855959727
49670,539352.5891578121
49671,79150.32675185859
49672,547888.8147136766
49673,296977.93306365714
49674,496365.0619111667
49675,456475.9569428083
49676,179594.44028934487
49677,60848.20725948444
49678,573095.1730316436
49679,512247.9452279466
49680,547209.1013643675
49681,533738.0784092724
49682,512247.9452279466
49683,451822.88999370177
49684,70983.95396595576
49685,83181.78403274949
49686,506198.44099694956
49687,70385.87870976546
49688,60848.20725948444
49689,506920.68167331297
49690,526236.0158641476
49691,498341.9287903943
49692,561234.5558075353
49693,412667.4017848784
49694,514734.6665528141
49695,491979.04485302046
49696,472168.8507116339
49697,166042.1182016149
49698,62899.38580878757
49699,563299.8205113052
49700,509853.7808412798
49701,77628.43164185266
49702,506920.68167331297
49703,560897.7429014475
49704,545143.0249695482
49705,235773.79279523983
49706,451822.88999370177
49707,451611.98575747677
49708,440836.60021074157
49709,512247.9452279466
49710,512247.9452279466
49711,500555.12100113777
49712,422863.6506348434
49713,486493.1318519999
49714,511501.8718306407
49715,525642.0064574693
49716,61678.03143730096
49717,473102.1189388021
49718,500794.83477271884
49719,111758.92585669461
49720,68742.55155698738
49721,195899.56871337406
49722,506198.44099694956
49723,43352.00408082252
49724,500583.93053649383
49725,545270.9461102502
49726,451822.88999370177
49727,512247.9452279466
49728,76263.15041256134
49729,51326.92263769232
49730,105826.68445567135
49731,62294.819210640126
49732,68111.91170966145
49733,61473.159525189454
49734,67282.67906929797
49735,563581.7084825021
49736,405975.4492406498
49737,498341.9287903943
49738,554977.0657174101
49739,451822.88999370177
49740,456265.0527065833
49741,469273.98089435423
49742,500794.83477271884
49743,49793.89033410835
49744,96381.67031272531
49745,199929.34026304932
49746,417531.3729702099
49747,139132.16196317787
49748,550445.3253422353
49749,506198.44099694956
49750,272289.5704758017
49751,49273.54277517831
49752,548223.5010292022
49753,73481.14300401145
49754,154317.76534765272
49755,559390.16402501
49756,545785.4169768337
49757,566688.1787131836
49758,491979.04485302046
49759,532084.5126642258
49760,276598.8463795404
49761,529909.9403648245
49762,259062.04565359728
49763,506840.83300423506
49764,493237.96220659197
49765,477562.6055053627
49766,545785.4169768337
49767,61473.159525189454
49768,52127.471437058986
49769,62398.144495094755
49770,52127.471437058986
49771,53301.34600212572
49772,61388.76645185804
49773,529909.9403648245
49774,61189.72559396027
49775,60848.20725948444
49776,49273.54277517831
49777,106578.48437422067
49778,167580.78893526763
49779,73481.14300401145
49780,532593.9059458792
49781,568754.2551080029
49782,491979.04485302046
49783,102155.2876990174
49784,210670.21923191097
49785,92754.50087852396
49786,545143.0249695482
49787,473313.0231750271
49788,128091.41185253115
49789,543841.0208493875
49790,71001.28572828749
49791,61073.464839153516
49792,60848.20725948444
49793,560500.0611458723
49794,560897.7429014475
49795,55551.693523747
49796,450865.9123601708
49797,450865.9123601708
49798,467610.63964592764
49799,472168.8507116339
49800,420670.33965151897
49801,84521.58475809204
49802,141822.07518776838
49803,512247.9452279466
49804,65755.0832821738
49805,514140.6571461359
49806,451822.88999370177
49807,62698.444400078566
49808,49273.54277517831
49809,80032.38708610067
49810,178196.2510387892
49811,500363.46775554307
49812,573095.1730316436
49813,416523.53460398415
49814,65232.96691173817
49815,560897.7429014475
49816,588535.1923034907
49817,60848.20725948444
49818,65778.3306067108
49819,69042.51315425317
49820,512247.9452279466
49821,496844.85265350883
49822,522184.37244109623
49823,498207.97929973976
49824,84142.34917367014
49825,68201.99236461378
49826,261034.83978362993
49827,529909.9403648245
49828,526730.4905575466
49829,587659.7253499635
49830,560897.7429014475
49831,532084.5126642258
49832,211797.9958699335
49833,253708.6479059024
49834,547581.1090219168
49835,52127.471437058986
49836,491979.04485302046
49837,532084.5126642258
49838,473313.0231750271
49839,272573.4439207768
49840,498341.9287903943
49841,175932.8588630705
49842,462370.9753570361
49843,475847.83607823204
49844,504238.6320878231
49845,49273.54277517831
49846,541968.1375296392
49847,116039.21730916365
49848,545143.0249695482
49849,87576.79300074159
49850,61497.544886679396
49851,511501.8718306407
49852,547294.8053069984
49853,512247.9452279466
49854,533738.0784092724
49855,498341.9287903943
49856,60848.20725948444
49857,543841.0208493875
49858,125517.54581826912
49859,409592.6830488727
49860,471957.9464754089
49861,486704.0360882249
49862,77458.80934337029
49863,424119.5754054081
49864,49793.89033410835
49865,462370.9753570361
49866,469484.88513057923
49867,419180.13954815804
49868,194674.81798158964
49869,545143.0249695482
49870,519980.74502305867
49871,48789.87741450328
49872,53151.855445375324
49873,522184.37244109623
49874,533738.0784092724
49875,529909.9403648245
49876,545060.0418740252
49877,457222.03034011426
49878,545270.9461102502
49879,422863.6506348434
49880,573095.1730316436
49881,495807.18289746833
49882,469273.98089435423
49883,586750.0939702032
49884,68201.99236461378
49885,75868.62779007065
49886,500555.12100113777
49887,491979.04485302046
49888,584851.6812168054
49889,56627.327880307705
49890,128446.69478535034
49891,67874.77526725373
49892,545143.0249695482
49893,481637.9547531332
49894,573095.1730316436
49895,451076.8165963958
49896,512247.9452279466
49897,498984.3207976798
49898,68301.45069914132
49899,555745.326920232
49900,547524.5319360729
49901,495524.0137186851
49902,456265.0527065833
49903,139083.70110176248
49904,89844.20866311227
49905,529909.9403648245
49906,451076.8165963958
49907,60848.20725948444
49908,60848.20725948444
49909,451822.88999370177
49910,545785.4169768337
49911,500555.12100113777
49912,532084.5126642258
49913,114895.3809413593
49914,451822.88999370177
49915,451611.98575747677
49916,161690.75189478867
49917,512247.9452279466
49918,60848.20725948444
49919,545785.4169768337
49920,73089.04579226811
49921,71599.79676292602
49922,483861.10853836144
49923,477115.9451845016
49924,464342.77308136673
49925,511501.8718306407
49926,162289.3415474952
49927,100601.66177590805
49928,580951.6852381991
49929,254079.58934381237
49930,539994.9811650976
49931,49273.54277517831
49932,451076.8165963958
49933,403001.80278738315
49934,54212.32410924692
49935,442657.4572301093
49936,571824.5455649394
49937,86343.23609407264
49938,469273.98089435423
49939,512247.9452279466
49940,542212.4800901471
49941,114895.3809413593
49942,102524.33032323165
49943,451611.98575747677
49944,525598.3131704616
49945,259151.46053534694
49946,60848.20725948444
49947,522184.37244109623
49948,560897.7429014475
49949,226744.8261029724
49950,532051.1136862544
49951,545143.0249695482
49952,165366.59789696752
49953,514734.6665528141
49954,66297.0974936485
49955,512551.9646203341
49956,430329.39692175586
49957,60848.20725948444
49958,87338.23115347038
49959,451822.88999370177
49960,65023.5124431227
49961,68906.70580467077
49962,539994.9811650976
49963,498984.3207976798
49964,52652.88964337572
49965,73363.05949817701
49966,523514.0601347731
49967,472168.8507116339
49968,56627.327880307705
49969,64468.81948098906
49970,49273.54277517831
49971,521973.4682048713
49972,483861.10853836144
49973,226141.6201351415
49974,511927.3102389246
49975,472168.8507116339
49976,532084.5126642258
49977,63303.010998226004
49978,55778.516242525024
49979,99984.13543953659
49980,162289.3415474952
49981,537987.660739608
49982,49273.54277517831
49983,68002.951506716
49984,480912.14407037105
49985,506840.83300423506
49986,129031.99145475865
49987,539427.167892357
49988,208046.9865161519
49989,68201.99236461378
49990,464342.77308136673
49991,451822.88999370177
49992,457222.03034011426
49993,84463.64662365103
49994,65684.12728350761
49995,545785.4169768337
49996,60848.20725948444
49997,512247.9452279466
49998,532084.5126642258
49999,56627.327880307705
50000,62183.33452759216
50001,450865.9123601708
50002,469273.98089435423
50003,500555.12100113777
50004,522571.0481150841
50005,68661.27266686913
50006,457222.03034011426
50007,498341.9287903943
50008,430329.39692175586
50009,461624.90195973014
50010,524862.0603438731
50011,539352.5891578121
50012,72016.53677057609
50013,68928.88522414195
50014,473313.0231750271
50015,75678.72771103468
50016,55451.78729280016
50017,440823.43773146713
50018,474170.7517063782
50019,573095.1730316436
50020,524862.0603438731
50021,49116.60636422815
50022,124321.22894073484
50023,542423.3843263721
50024,66917.80817521509
50025,103596.4159166612
50026,527743.5947405851
50027,225731.2382934993
50028,97745.48575247041
50029,64862.882011147725
50030,60848.20725948444
50031,496921.4732932773
50032,506840.83300423506
50033,539352.5891578121
50034,512247.9452279466
50035,149032.37763637185
50036,451822.88999370177
50037,451611.98575747677
50038,512247.9452279466
50039,572219.7060781164
50040,547581.1090219168
50041,58160.36018389169
50042,73977.56898689558
50043,512992.264902915
50044,85210.62857286261
50045,529909.9403648245
50046,564524.7205021909
50047,571310.0746983561
50048,461959.45864784665
50049,500794.83477271884
50050,104974.11483463545
50051,267003.6303424465
50052,280841.7143920409
50053,476601.4840909501
50054,566688.1787131836
50055,301910.3819041207
50056,483747.5574001714
50057,592727.3073012893
50058,168630.7589263634
50059,512247.9452279466
50060,451611.98575747677
50061,498341.9287903943
50062,483861.10853836144
50063,473102.1189388021
50064,103596.4159166612
50065,60756.826256389504
50066,55451.78729280016
50067,588535.1923034907
50068,451611.98575747677
50069,545785.4169768337
50070,207094.97935534111
50071,451822.88999370177
50072,511501.8718306407
50073,477115.9451845016
50074,409803.5872850977
50075,462370.9753570361
50076,49982.79118637188
50077,107472.80419237299
50078,81078.76496156756
50079,521541.98043381074
50080,49273.54277517831
50081,73524.15745645258
50082,62208.62619819374
50083,464437.0051096278
50084,92372.45575348022
50085,63303.010998226004
50086,62663.02147549741
50087,456475.9569428083
50088,462370.9753570361
50089,426411.89766423905
50090,173276.01438093028
50091,100713.12125398281
50092,64956.48034807198
50093,539994.9811650976
50094,571182.1535576539
50095,81742.59264066855
50096,501896.58927609946
50097,472168.8507116339
50098,73924.09743018344
50099,66869.71202566137
50100,405764.5450044248
50101,69469.44441651556
50102,498341.9287903943
50103,472168.8507116339
50104,56627.327880307705
50105,167482.53603341678
50106,545143.0249695482
50107,506198.44099694956
50108,469273.98089435423
50109,506198.44099694956
50110,498984.3207976798
50111,53919.037539249046
50112,534984.5229832045
50113,116286.6824904521
50114,72899.20519074757
50115,95138.05696063623
50116,506920.68167331297
50117,588535.1923034907
50118,573095.1730316436
50119,78571.3178112408
50120,462370.9753570361
50121,239267.68534462873
50122,64889.02521344833
50123,56627.327880307705
50124,67698.80709049606
50125,51326.92263769232
50126,81871.6368882842
50127,63103.97014032822
50128,69469.44441651556
50129,545143.0249695482
50130,501896.58927609946
50131,512101.8001045934
50132,518379.5036575918
50133,55715.429028464154
50134,498341.9287903943
50135,457497.5245758406
50136,60615.24810535815
50137,569442.94454218
50138,51728.34651391989
50139,83891.89466767339
50140,565778.5473334233
50141,324577.6638409992
50142,477862.01858180756
50143,564586.590430068
50144,513652.79605609097
50145,584851.6812168054
50146,451076.8165963958
50147,498984.3207976798
50148,217120.78874345866
50149,451822.88999370177
50150,571182.1535576539
50151,486704.0360882249
50152,451822.88999370177
50153,516901.0121770535
50154,512247.9452279466
50155,137665.52413516244
50156,469273.98089435423
50157,219269.0331411017
50158,80504.06930494946
50159,132423.384634214
50160,87111.58688182633
50161,592708.1934233608
50162,68201.99236461378
50163,68928.88522414195
50164,571438.2206890576
50165,63963.516390697885
50166,543841.0208493875
50167,494535.2457123452
50168,513388.0393042512
50169,512247.9452279466
50170,259931.1688165029
50171,471957.9464754089
50172,460027.4339858062
50173,491072.76260588417
50174,568754.2551080029
50175,469484.88513057923
50176,542423.3843263721
50177,547851.493371653
50178,99367.64070104806
50179,524157.528805638
50180,529909.9403648245
50181,491979.04485302046
50182,512247.9452279466
50183,93186.10399669592
50184,498341.9287903943
50185,560897.7429014475
50186,511995.37557601236
50187,129940.44076067641
50188,543841.0208493875
50189,67969.39566460197
50190,49273.54277517831
50191,473313.0231750271
50192,70655.9859857201
50193,60756.826256389504
50194,85575.01770252768
50195,539352.5891578121
50196,524157.528805638
50197,547888.8147136766
50198,451822.88999370177
50199,59993.196424092224
50200,94868.11919195547
50201,73298.41828658857
50202,451822.88999370177
50203,54711.416108859106
50204,433078.6740179401
50205,539352.5891578121
50206,502040.9619217319
50207,584851.6812168054
50208,441034.34196769213
50209,56782.529162130064
50210,94369.2043797623
50211,514638.8526005891
50212,90677.0039722
50213,450865.9123601708
50214,529909.9403648245
50215,51123.458517453924
50216,572219.7060781164
50217,60848.20725948444
50218,97248.03983682558
50219,547888.8147136766
50220,76897.29724511821
50221,465088.8464786727
50222,512589.3849826907
50223,573797.701929481
50224,166042.1182016149
50225,68201.99236461378
50226,56627.327880307705
50227,499352.15176313295
50228,462370.9753570361
50229,512247.9452279466
50230,464342.77308136673
50231,473313.0231750271
50232,473313.0231750271
50233,61388.76645185804
50234,517336.3071427763
50235,537987.660739608
50236,469273.98089435423
50237,469484.88513057923
50238,532084.5126642258
50239,506840.83300423506
50240,506198.44099694956
50241,82665.93572911248
50242,477467.20550996263
50243,482045.00233510986
50244,81615.19213091486
50245,283519.77551688784
50246,545143.0249695482
50247,526730.4905575466
50248,232198.26451900954
50249,176755.99153862314
50250,469416.30194330064
50251,63303.010998226004
50252,419180.13954815804
50253,587659.7253499635
50254,498984.3207976798
50255,451611.98575747677
50256,123333.65220976024
50257,84682.90836604375
50258,80190.03383017221
50259,217811.9962743414
50260,175721.95462684546
50261,451822.88999370177
50262,498984.3207976798
50263,79519.72274383965
50264,456265.0527065833
50265,409803.5872850977
50266,486704.0360882249
50267,75455.03960112404
50268,68054.2149360033
50269,528175.0989611786
50270,56627.327880307705
50271,538646.6953354093
50272,511501.8718306407
50273,151040.8486278124
50274,56627.327880307705
50275,56627.327880307705
50276,522071.585505039
50277,469484.88513057923
50278,51728.34651391989
50279,539739.4187453174
50280,451611.98575747677
50281,451822.88999370177
50282,60848.20725948444
50283,519887.08253402944
50284,469484.88513057923
50285,74714.01940676058
50286,480032.97049391357
50287,63196.12327555759
50288,137716.44476434702
50289,56627.327880307705
50290,416523.53460398415
50291,199678.28129352376
50292,580951.6852381991
50293,49793.89033410835
50294,85585.71285522399
50295,537928.9047702783
50296,380994.4953445501
50297,462370.9753570361
50298,545785.4169768337
50299,463927.1285592423
50300,68201.99236461378
50301,483239.78846849804
50302,49273.54277517831
50303,68201.99236461378
50304,512247.9452279466
50305,519887.08253402944
50306,512247.9452279466
50307,65173.76400856338
50308,229690.12369986047
50309,513926.41100890626
50310,56627.327880307705
50311,68201.99236461378
50312,539739.4187453174
50313,471783.6407657977
50314,512247.9452279466
50315,459159.922523863
50316,175721.95462684546
50317,202103.00772102334
50318,471957.9464754089
50319,517336.3071427763
50320,138473.14265021044
50321,451611.98575747677
50322,567618.6838891146
50323,74824.32816624905
50324,56627.327880307705
50325,49273.54277517831
50326,451822.88999370177
50327,539941.0248707812
50328,84465.37663441422
50329,475101.76268092607
50330,49273.54277517831
50331,465299.7507148977
50332,108365.99565115917
50333,514734.6665528141
50334,156670.05916889771
50335,509642.8766050548
50336,451076.8165963958
50337,496604.2899708169
50338,405764.5450044248
50339,68731.20914114606
50340,75763.57696080343
50341,469273.98089435423
50342,67842.75555034979
50343,500555.12100113777
50344,60848.20725948444
50345,505615.93301334954
50346,473102.1189388021
50347,273671.2339224861
50348,295613.61557572597
50349,58160.36018389169
50350,532084.5126642258
50351,512247.9452279466
50352,521331.0761975858
50353,49273.54277517831
50354,453142.89299121517
50355,523553.04993868305
50356,527743.5947405851
50357,506840.83300423506
50358,568754.2551080029
50359,545270.9461102502
50360,532084.5126642258
50361,545143.0249695482
50362,478298.1290902677
50363,70743.69944015493
50364,412132.23262379743
50365,539941.0248707812
50366,571182.1535576539
50367,70433.23368672909
50368,571182.1535576539
50369,114895.3809413593
50370,522571.0481150841
50371,65267.079122055045
50372,130018.02085583728
50373,462370.9753570361
50374,77506.67560982633
50375,123767.01034900297
50376,72770.05366687353
50377,467024.0423061426
50378,539739.4187453174
50379,500794.83477271884
50380,58165.76953048297
50381,68826.94463031879
50382,547524.5319360729
50383,554002.925270333
50384,477862.01858180756
50385,512247.9452279466
50386,72120.23208632205
50387,469484.88513057923
50388,212008.90010615854
50389,52127.471437058986
50390,512992.264902915
50391,515696.53773212765
50392,472168.8507116339
50393,65030.484751379925
50394,482386.4922249876
50395,113107.27598979902
50396,524406.1967541295
50397,469273.98089435423
50398,486373.387929943
50399,405975.4492406498
50400,476601.4840909501
50401,451822.88999370177
50402,70689.98171518037
50403,207005.9423364164
50404,571182.1535576539
50405,472258.17796933115
50406,72783.71220542896
50407,142998.6710484452
50408,560897.7429014475
50409,72596.10120889259
50410,68998.85783286516
50411,60848.20725948444
50412,514140.6571461359
50413,61073.464839153516
50414,471783.6407657977
50415,60848.20725948444
50416,60848.20725948444
50417,512247.9452279466
50418,63303.010998226004
50419,471957.9464754089
50420,63336.081865697255
50421,452211.91403142916
50422,51653.84427107978
50423,52127.471437058986
50424,566688.1787131836
50425,53660.50374064296
50426,542423.3843263721
50427,216076.37175765762
50428,48789.87741450328
50429,475467.15185248305
50430,463927.1285592423
50431,49273.54277517831
50432,539941.0248707812
50433,416523.53460398415
50434,100487.87136643151
50435,54711.416108859106
50436,545143.0249695482
50437,52127.471437058986
50438,125673.86417282638
50439,65298.052121352564
50440,512247.9452279466
50441,513472.4452199048
50442,452170.9217792508
50443,498984.3207976798
50444,51728.34651391989
50445,563968.0333583839
50446,450865.9123601708
50447,63182.379899888096
50448,506198.44099694956
50449,506840.83300423506
50450,498341.9287903943
50451,98496.60696021312
50452,560897.7429014475
50453,560897.7429014475
50454,464553.67731759173
50455,185038.01589759055
50456,451822.88999370177
50457,519887.08253402944
50458,451822.88999370177
50459,539941.0248707812
50460,79346.31836295332
50461,70396.0209068334
50462,503478.8003537735
50463,508360.49675080844
50464,498341.9287903943
50465,63963.516390697885
50466,555381.0441426283
50467,83981.45573310116
50468,482689.87684325763
50469,59993.196424092224
50470,522571.0481150841
50471,461959.45864784665
50472,508360.49675080844
50473,68928.88522414195
50474,523608.0568286302
50475,128174.88136416512
50476,499352.15176313295
50477,477862.01858180756
50478,80583.85332574997
50479,533738.0784092724
50480,471957.9464754089
50481,76074.88097391055
50482,524250.4488359158
50483,199430.9130406984
50484,511501.8718306407
50485,513472.4452199048
50486,229953.71662231107
50487,473102.1189388021
50488,506840.83300423506
50489,68667.45697789222
50490,48269.52985557327
50491,512247.9452279466
50492,539352.5891578121
50493,451611.98575747677
50494,469273.98089435423
50495,229690.12369986047
50496,585429.6097499506
50497,495524.0137186851
50498,555381.0441426283
50499,61388.76645185804
50500,81496.77600469199
50501,473102.1189388021
50502,539739.4187453174
50503,240367.14844428335
50504,566688.1787131836
50505,469273.98089435423
50506,68201.99236461378
50507,473313.0231750271
50508,56627.327880307705
50509,72016.53677057609
50510,480032.97049391357
50511,532084.5126642258
50512,469273.98089435423
50513,463927.1285592423
50514,538215.2075643487
50515,158165.16971004184
50516,61826.617408498954
50517,97900.30360969111
50518,529909.9403648245
50519,518021.5225737501
50520,457497.5245758406
50521,122064.90237684494
50522,78109.99120493467
50523,548223.5010292022
50524,506878.1543462585
50525,456265.0527065833
50526,394697.64422177547
50527,498207.97929973976
50528,486704.0360882249
50529,252251.93407179083
50530,408659.4148217045
50531,529909.9403648245
50532,512247.9452279466
50533,226143.9055232203
50534,473313.0231750271
50535,486373.387929943
50536,512247.9452279466
50537,54711.416108859106
50538,506840.83300423506
50539,442693.3707805348
50540,70553.22311234672
50541,500957.47716222116
50542,49273.54277517831
50543,511501.8718306407
50544,543841.0208493875
50545,519887.08253402944
50546,81237.01611743048
50547,52127.471437058986
50548,486704.0360882249
50549,547524.5319360729
50550,83981.45573310116
50551,469273.98089435423
50552,553679.2505254127
50553,138505.46037736067
50554,208046.9865161519
50555,566688.1787131836
50556,539994.9811650976
50557,588535.1923034907
50558,460027.4339858062
50559,405975.4492406498
50560,473313.0231750271
50561,514734.6665528141
50562,506198.44099694956
50563,80032.38708610067
50564,500957.47716222116
50565,450865.9123601708
50566,473102.1189388021
50567,68201.99236461378
50568,67698.80709049606
50569,491979.04485302046
50570,448518.391884617
50571,560500.0611458723
50572,61210.96362170145
50573,571824.5455649394
50574,512247.9452279466
50575,412521.2566615248
50576,474170.7517063782
50577,63644.52933270184
50578,176352.5471073512
50579,57594.60561473671
50580,77628.43164185266
50581,593475.3524374077
50582,135792.78465914365
50583,532084.5126642258
50584,473313.0231750271
50585,394908.54845800047
50586,566688.1787131836
50587,119005.8100322365
50588,103105.85045069914
50589,77458.80934337029
50590,68742.55155698738
50591,229690.12369986047
50592,532084.5126642258
50593,512247.9452279466
50594,498341.9287903943
50595,64726.51992968144
50596,216667.29216590757
50597,216215.12155034536
50598,519887.08253402944
50599,68201.99236461378
50600,519887.08253402944
50601,498984.3207976798
50602,56627.327880307705
50603,412878.3060211034
50604,566688.1787131836
50605,539994.9811650976
50606,462370.9753570361
50607,68201.99236461378
50608,477115.9451845016
50609,394908.54845800047
50610,571824.5455649394
50611,545060.0418740252
50612,49793.89033410835
50613,207836.08227992686
50614,73766.66475067055
50615,453142.89299121517
50616,70743.69944015493
50617,405975.4492406498
50618,170322.73871037542
50619,133761.82746685235
50620,519887.08253402944
50621,431460.0479476812
50622,506840.83300423506
50623,408448.5105854795
50624,514734.6665528141
50625,512247.9452279466
50626,65267.079122055045
50627,56627.327880307705
50628,457668.0900873192
50629,560897.7429014475
50630,61388.76645185804
50631,58748.11242669518
50632,158176.41564018856
50633,512247.9452279466
50634,444623.97656170663
50635,573095.1730316436
50636,506840.83300423506
50637,572399.0922127808
50638,462370.9753570361
50639,568754.2551080029
50640,451822.88999370177
50641,544851.5771851169
50642,72899.20519074757
50643,470343.7959924929
50644,573095.1730316436
50645,476852.32062835264
50646,512247.9452279466
50647,486704.0360882249
50648,402542.2306026668
50649,67597.42576646636
50650,533454.8253770173
50651,117106.73292410439
50652,101316.93324022504
50653,451076.8165963958
50654,560897.7429014475
50655,491979.04485302046
50656,473313.0231750271
50657,52613.95398337708
50658,68978.76099099933
50659,60848.20725948444
50660,563581.7084825021
50661,69616.26017224861
50662,65314.137738694415
50663,207955.02176401165
50664,525598.3131704616
50665,506920.68167331297
50666,462370.9753570361
50667,532084.5126642258
50668,587659.7253499635
50669,213087.94339925962
50670,506840.83300423506
50671,512247.9452279466
50672,472168.8507116339
50673,55451.78729280016
50674,52652.88964337572
50675,451611.98575747677
50676,61388.76645185804
50677,451611.98575747677
50678,58330.342178378276
50679,469484.88513057923
50680,451611.98575747677
50681,202103.00772102334
50682,85908.35001520003
50683,500555.12100113777
50684,500794.83477271884
50685,127963.97712794009
50686,67484.51172047235
50687,519887.08253402944
50688,530427.5603216396
50689,498984.3207976798
50690,498341.9287903943
50691,68201.99236461378
50692,153009.37059055563
50693,77822.89015756563
50694,469273.98089435423
50695,493237.96220659197
50696,448518.391884617
50697,521541.98043381074
50698,573095.1730316436
50699,451822.88999370177
50700,140428.14755381065
50701,527452.7445121192
50702,545143.0249695482
50703,442657.4572301093
50704,491979.04485302046
50705,102884.97426530885
50706,50811.98442535357
50707,139132.16196317787
50708,212008.90010615854
50709,512247.9452279466
50710,69469.44441651556
50711,68201.99236461378
50712,230521.93167590708
50713,472168.8507116339
50714,65616.98574054384
50715,469484.88513057923
50716,451428.07692185685
50717,547581.1090219168
50718,115144.44514530562
50719,522571.0481150841
50720,117050.09874588063
50721,495524.0137186851
50722,539528.5145090924
50723,496604.2899708169
50724,457222.03034011426
50725,451076.8165963958
50726,547524.5319360729
50727,133156.45819423688
50728,512247.9452279466
50729,68742.55155698738
50730,451611.98575747677
50731,115155.55623235325
50732,213087.94339925962
50733,451822.88999370177
50734,483861.10853836144
50735,56627.327880307705
50736,451822.88999370177
50737,573095.1730316436
50738,56627.327880307705
50739,470343.7959924929
50740,469484.88513057923
50741,527743.5947405851
50742,54711.416108859106
50743,71172.29098243196
50744,469273.98089435423
50745,97210.84359298412
50746,498341.9287903943
50747,532084.5126642258
50748,469416.30194330064
50749,269687.5959235012
50750,451611.98575747677
50751,60848.20725948444
50752,451822.88999370177
50753,558796.4717551668
50754,519887.08253402944
50755,450865.9123601708
50756,539739.4187453174
50757,456475.9569428083
50758,77766.00485622576
50759,480032.97049391357
50760,473313.0231750271
50761,51123.458517453924
50762,72368.0373283597
50763,60848.20725948444
50764,416523.53460398415
50765,419180.13954815804
50766,52096.62544297536
50767,529909.9403648245
50768,451611.98575747677
50769,447830.00385561003
50770,519887.08253402944
50771,487785.9065849479
50772,539244.9440519185
50773,512138.2144751495
50774,214652.0104678292
50775,68201.99236461378
50776,60649.16640158666
50777,69885.05508505364
50778,539994.9811650976
50779,469484.88513057923
50780,469484.88513057923
50781,114895.3809413593
50782,465088.8464786727
50783,495524.0137186851
50784,512247.9452279466
50785,464553.67731759173
50786,451822.88999370177
50787,547851.493371653
50788,529909.9403648245
50789,533738.0784092724
50790,405764.5450044248
50791,63193.55361159757
50792,49273.54277517831
50793,500555.12100113777
50794,545143.0249695482
50795,511501.8718306407
50796,53151.855445375324
50797,64000.25248974217
50798,359913.4525299228
50799,529909.9403648245
50800,56627.327880307705
50801,524406.1967541295
50802,545143.0249695482
50803,532084.5126642258
50804,72787.2792712475
50805,543841.0208493875
50806,197176.87819315796
50807,61826.617408498954
50808,104172.61148102117
50809,451822.88999370177
50810,532084.5126642258
50811,519887.08253402944
50812,457497.5245758406
50813,173030.7164564896
50814,512247.9452279466
50815,65778.3306067108
50816,98235.53355211415
50817,513177.1350680264
50818,405764.5450044248
50819,180286.44273313705
50820,566688.1787131836
50821,530427.5603216396
50822,405764.5450044248
50823,571182.1535576539
50824,482716.93607496825
50825,451076.8165963958
50826,78026.64676108643
50827,526730.4905575466
50828,69469.44441651556
50829,551697.533055943
50830,487575.00234872295
50831,525598.3131704616
50832,81222.53272027681
50833,508360.49675080844
50834,78009.9388179445
50835,147591.94836622284
50836,560897.7429014475
50837,428877.8434990115
50838,69203.29312861201
50839,451822.88999370177
50840,418969.23531193304
50841,51728.34651391989
50842,463927.1285592423
50843,52127.471437058986
50844,456475.9569428083
50845,522571.0481150841
50846,63182.379899888096
50847,462370.9753570361
50848,227740.78024721632
50849,456475.9569428083
50850,65351.47219538644
50851,51515.823489955845
50852,486493.1318519999
50853,533738.0784092724
50854,61388.76645185804
50855,555381.0441426283
50856,444834.88079793163
50857,102524.33032323165
50858,451076.8165963958
50859,60649.16640158666
50860,185746.84835451882
50861,60848.20725948444
50862,530427.5603216396
50863,70743.69944015493
50864,48789.87741450328
50865,233114.24060061225
50866,471783.6407657977
50867,405975.4492406498
50868,60848.20725948444
50869,566608.9735378796
50870,79281.79237016571
50871,508729.0054313635
50872,464342.77308136673
50873,471957.9464754089
50874,544851.5771851169
50875,498984.3207976798
50876,73356.27351558022
50877,461959.45864784665
50878,63007.02004833195
50879,93552.41033856606
50880,527743.5947405851
50881,512247.9452279466
50882,68201.99236461378
50883,571824.5455649394
50884,107970.35990145203
50885,521541.98043381074
50886,572219.7060781164
50887,506840.83300423506
50888,128056.95201025523
50889,522071.585505039
50890,451822.88999370177
50891,483861.10853836144
50892,512247.9452279466
50893,60848.20725948444
50894,469273.98089435423
50895,56627.327880307705
50896,529909.9403648245
50897,469484.88513057923
50898,519887.08253402944
50899,483239.78846849804
50900,147452.1047568565
50901,68998.85783286516
50902,498984.3207976798
50903,519887.08253402944
50904,117714.20807697732
50905,267003.6303424465
50906,512247.9452279466
50907,102696.55330694618
50908,451611.98575747677
50909,571824.5455649394
50910,47230.31675101952
50911,473313.0231750271
50912,63963.516390697885
50913,543841.0208493875
50914,545143.0249695482
50915,500794.83477271884
50916,547888.8147136766
50917,117198.18814598421
50918,539941.0248707812
50919,574837.4934019843
50920,276353.2972843327
50921,56627.327880307705
50922,456265.0527065833
50923,506840.83300423506
50924,545143.0249695482
50925,81421.65220218882
50926,547209.1013643675
50927,49456.29064948217
50928,68324.3186259945
50929,473102.1189388021
50930,86211.12522493166
50931,512247.9452279466
50932,58118.477815305094
50933,111758.92585669461
50934,462722.23568249715
50935,469416.30194330064
50936,154450.91633921492
50937,180542.99493636287
50938,422863.6506348434
50939,573095.1730316436
50940,69469.44441651556
50941,483239.78846849804
50942,522184.37244109623
50943,546626.5933807674
50944,61189.72559396027
50945,504238.6320878231
50946,217554.23932545178
50947,56627.327880307705
50948,420351.672648432
50949,146556.18830623003
50950,469273.98089435423
50951,512247.9452279466
50952,451611.98575747677
50953,60848.20725948444
50954,451822.88999370177
50955,560086.2448438727
50956,441034.34196769213
50957,53844.122673579834
50958,574581.4672007225
50959,560897.7429014475
50960,97204.01511968613
50961,67597.42576646636
50962,498341.9287903943
50963,73924.09743018344
50964,518021.5225737501
50965,68928.88522414195
50966,101405.65153473546
50967,416523.53460398415
50968,56076.998318753554
50969,412667.4017848784
50970,505615.93301334954
50971,68878.78035926583
50972,76045.68253773566
50973,451822.88999370177
50974,89677.08732622549
50975,229690.12369986047
50976,68742.55155698738
50977,145783.60709802195
50978,506840.83300423506
50979,73524.15745645258
50980,71087.89790910056
50981,450865.9123601708
50982,472168.8507116339
50983,80809.345003364
50984,444834.88079793163
50985,532084.5126642258
50986,56627.327880307705
50987,59993.196424092224
50988,473313.0231750271
50989,259793.85254263238
50990,481462.8732398271
50991,472168.8507116339
50992,60848.20725948444
50993,471783.6407657977
50994,61388.76645185804
50995,70138.37029241602
50996,156166.44263999228
50997,439973.49164905463
50998,56627.327880307705
50999,66869.71202566137
51000,463927.1285592423
51001,204680.7883611793
51002,545143.0249695482
51003,529909.9403648245
51004,68928.88522414195
51005,53151.855445375324
51006,513480.3130702481
51007,163771.60075984552
51008,546626.5933807674
51009,596391.7045100462
51010,535789.4366261075
51011,560897.7429014475
51012,72848.81480069314
51013,451822.88999370177
51014,469484.88513057923
51015,48269.52985557327
51016,88745.76127047357
51017,539528.5145090924
51018,377100.08002163976
51019,102928.99562423365
51020,456475.9569428083
51021,167882.07003934318
51022,83549.97033620844
51023,451822.88999370177
51024,519887.08253402944
51025,405764.5450044248
51026,595129.3849111471
51027,554002.925270333
51028,451611.98575747677
51029,498341.9287903943
51030,112183.25918333592
51031,547209.1013643675
51032,436127.04803270206
51033,496604.2899708169
51034,93700.2958495757
51035,513599.23452675034
51036,208046.9865161519
51037,102566.28268160118
51038,545785.4169768337
51039,409592.6830488727
51040,162289.3415474952
51041,462370.9753570361
51042,512781.36066669
51043,123314.88315521003
51044,451076.8165963958
51045,505615.93301334954
51046,63843.57019059962
51047,89208.24468177422
51048,145788.98750847965
51049,49793.89033410835
51050,68324.3186259945
51051,464342.77308136673
51052,519887.08253402944
51053,483352.7241802638
51054,409592.6830488727
51055,451822.88999370177
51056,483861.10853836144
51057,518133.4840463105
51058,544851.5771851169
51059,462970.9036309885
51060,574581.4672007225
51061,574581.4672007225
51062,542423.3843263721
51063,69151.33764826901
51064,68928.88522414195
51065,60848.20725948444
51066,469273.98089435423
51067,463927.1285592423
51068,473102.1189388021
51069,76263.15041256134
51070,96155.66513573637
51071,512247.9452279466
51072,68864.87781836811
51073,491979.04485302046
51074,529909.9403648245
51075,63303.010998226004
51076,498984.3207976798
51077,543841.0208493875
51078,60848.20725948444
51079,520445.8971892462
51080,64726.51992968144
51081,230521.93167590708
51082,405975.4492406498
51083,79581.56385526757
51084,545785.4169768337
51085,51728.34651391989
51086,524406.1967541295
51087,61900.34043649163
51088,513966.4053499921
51089,451076.8165963958
51090,506840.83300423506
51091,527743.5947405851
51092,495524.0137186851
51093,116631.75616768864
51094,65684.12728350761
51095,49273.54277517831
51096,82835.20198237327
51097,213087.94339925962
51098,208046.9865161519
51099,529909.9403648245
51100,469484.88513057923
51101,490387.54717491026
51102,483861.10853836144
51103,49273.54277517831
51104,68201.99236461378
51105,491979.04485302046
51106,545270.9461102502
51107,61087.820761053525
51108,547758.5733413753
51109,243656.8091633752
51110,116305.96446722896
51111,526730.4905575466
51112,68742.55155698738
51113,532084.5126642258
51114,580951.6852381991
51115,529909.9403648245
51116,95737.50879449671
51117,512095.1442943785
51118,498341.9287903943
51119,469484.88513057923
51120,70743.69944015493
51121,519887.08253402944
51122,66628.13935961768
51123,130745.16591279319
51124,78805.75917057971
51125,511501.8718306407
51126,412132.23262379743
51127,467610.63964592764
51128,451611.98575747677
51129,69757.99781670689
51130,102599.20600625589
51131,141389.2456031632
51132,68201.99236461378
51133,527743.5947405851
51134,532084.5126642258
51135,451465.8406341232
51136,72770.05366687353
51137,512247.9452279466
51138,225325.55943864386
51139,68928.88522414195
51140,202912.46838715364
51141,553679.2505254127
51142,482386.4922249876
51143,490176.64293868525
51144,498984.3207976798
51145,63963.516390697885
51146,460027.4339858062
51147,512247.9452279466
51148,67282.67906929797
51149,188238.1514241913
51150,539994.9811650976
51151,522184.37244109623
51152,565778.5473334233
51153,517418.63213386876
51154,86343.23609407264
51155,124298.88143134062
51156,180286.44273313705
51157,118846.7993950352
51158,468981.1655505237
51159,519887.08253402944
51160,50986.80410597692
51161,498341.9287903943
51162,472168.8507116339
51163,63303.010998226004
51164,452170.9217792508
51165,78009.9388179445
51166,556668.2082956354
51167,51123.458517453924
51168,418329.75813567714
51169,529909.9403648245
51170,63007.02004833195
51171,521973.4682048713
51172,560500.0611458723
51173,508411.6332076932
51174,64862.882011147725
51175,469484.88513057923
51176,212432.826078808
51177,571824.5455649394
51178,545785.4169768337
51179,519887.08253402944
51180,566688.1787131836
51181,529909.9403648245
51182,500555.12100113777
51183,590402.3224596666
51184,547524.5319360729
51185,60848.20725948444
51186,467610.63964592764
51187,452211.91403142916
51188,477862.01858180756
51189,500794.83477271884
51190,80605.50224560489
51191,529909.9403648245
51192,53151.855445375324
51193,573095.1730316436
51194,451822.88999370177
51195,469484.88513057923
51196,476601.4840909501
51197,539994.9811650976
51198,486373.387929943
51199,473313.0231750271
51200,463927.1285592423
51201,521822.9175565476
51202,588535.1923034907
51203,68928.88522414195
51204,65467.86485328499
51205,82665.93572911248
51206,477862.01858180756
51207,522289.1601438872
51208,75763.57696080343
51209,555225.7336659015
51210,112109.34509194962
51211,456265.0527065833
51212,270035.42185931007
51213,141468.12191565806
51214,162289.3415474952
51215,546626.5933807674
51216,528221.379938537
51217,456475.9569428083
51218,583976.2142632782
51219,533738.0784092724
51220,529909.9403648245
51221,527743.5947405851
51222,560897.7429014475
51223,60848.20725948444
51224,471783.6407657977
51225,539244.9440519185
51226,469484.88513057923
51227,55451.78729280016
51228,519887.08253402944
51229,417531.3729702099
51230,451076.8165963958
51231,560897.7429014475
51232,159361.98082039846
51233,451822.88999370177
51234,471957.9464754089
51235,456475.9569428083
51236,491979.04485302046
51237,516901.0121770535
51238,471783.6407657977
51239,112565.45172504107
51240,547851.493371653
51241,525724.805949143
51242,587659.7253499635
51243,571182.1535576539
51244,451076.8165963958
51245,560897.7429014475
51246,161293.84931112427
51247,129142.96012747531
51248,512247.9452279466
51249,519887.08253402944
51250,161520.7630280439
51251,506840.83300423506
51252,550196.6573937439
51253,495807.18289746833
51254,49273.54277517831
51255,209121.12131783995
51256,464553.67731759173
51257,60848.20725948444
51258,77502.55025209545
51259,521541.98043381074
51260,451076.8165963958
51261,48789.87741450328
51262,51728.34651391989
51263,281148.92063515465
51264,97210.84359298412
51265,60848.20725948444
51266,339500.2844199088
51267,56627.327880307705
51268,97287.94068904613
51269,49273.54277517831
51270,469273.98089435423
51271,566688.1787131836
51272,451611.98575747677
51273,85266.08245788257
51274,528221.379938537
51275,59706.42931152303
51276,451611.98575747677
51277,547524.5319360729
51278,547524.5319360729
51279,560897.7429014475
51280,451076.8165963958
51281,512247.9452279466
51282,74997.24238058944
51283,56627.327880307705
51284,504238.6320878231
51285,519887.08253402944
51286,440823.43773146713
51287,167671.16580311814
51288,450865.9123601708
51289,592727.3073012893
51290,572219.7060781164
51291,51123.458517453924
51292,117922.20375847684
51293,68201.99236461378
51294,480032.97049391357
51295,51653.84427107978
51296,125187.09620264161
51297,88424.79081751009
51298,519887.08253402944
51299,517336.3071427763
51300,495524.0137186851
51301,529909.9403648245
51302,595411.272882344
51303,60848.20725948444
51304,519851.88778256805
51305,226141.6201351415
51306,68201.99236461378
51307,566688.1787131836
51308,500555.12100113777
51309,64726.51992968144
51310,473313.0231750271
51311,63734.11280397118
51312,426890.1255220163
51313,177011.23822211777
51314,195243.64215370364
51315,61210.96362170145
51316,547524.5319360729
51317,210520.04786098155
51318,526136.4811508685
51319,67282.67906929797
51320,56298.544967789465
51321,472168.8507116339
51322,183467.96793264244
51323,74776.87020290848
51324,512138.2144751495
51325,573452.3604712943
51326,569090.2563230414
51327,71417.28917660598
51328,539994.9811650976
51329,83981.45573310116
51330,545785.4169768337
51331,551697.533055943
51332,519887.08253402944
51333,532084.5126642258
51334,232198.26451900954
51335,540985.5458943306
51336,68742.55155698738
51337,512247.9452279466
51338,471957.9464754089
51339,52127.471437058986
51340,267003.6303424465
51341,111758.92585669461
51342,554228.4308533475
51343,512247.9452279466
51344,532084.5126642258
51345,71612.44613333908
51346,473102.1189388021
51347,457708.4288120656
51348,471957.9464754089
51349,513652.79605609097
51350,229635.29088139127
51351,495524.0137186851
51352,584851.6812168054
51353,491979.04485302046
51354,451611.98575747677
51355,56455.80021240519
51356,499352.15176313295
51357,60848.20725948444
51358,532084.5126642258
51359,469484.88513057923
51360,102884.97426530885
51361,61189.72559396027
51362,159698.2208591346
51363,433078.6740179401
51364,419180.13954815804
51365,61473.159525189454
51366,294955.131464303
51367,78989.45098894328
51368,162289.3415474952
51369,60848.20725948444
51370,260427.33116958744
51371,471957.9464754089
51372,566688.1787131836
51373,51326.92263769232
51374,506198.44099694956
51375,48269.52985557327
51376,543841.0208493875
51377,568754.2551080029
51378,211797.9958699335
51379,545143.0249695482
51380,573095.1730316436
51381,99958.08064684777
51382,463927.1285592423
51383,502634.97132840997
51384,512247.9452279466
51385,473102.1189388021
51386,588535.1923034907
51387,483239.78846849804
51388,56627.327880307705
51389,56627.327880307705
51390,571824.5455649394
51391,67219.60020425817
51392,93304.54438852819
51393,528796.5669523661
51394,529909.9403648245
51395,60848.20725948444
51396,462370.9753570361
51397,450865.9123601708
51398,92161.55151725518
51399,545143.0249695482
51400,482597.3964612126
51401,451822.88999370177
51402,58160.36018389169
51403,555381.0441426283
51404,527743.5947405851
51405,74131.62614774748
51406,499352.15176313295
51407,68742.55155698738
51408,451822.88999370177
51409,451611.98575747677
51410,473313.0231750271
51411,229690.12369986047
51412,469273.98089435423
51413,187979.66429698188
51414,519887.08253402944
51415,473102.1189388021
51416,70525.83519248998
51417,508729.0054313635
51418,68928.88522414195
51419,588535.1923034907
51420,560897.7429014475
51421,512247.9452279466
51422,53441.6078447185
51423,560500.0611458723
51424,498341.9287903943
51425,61210.96362170145
51426,544851.5771851169
51427,473102.1189388021
51428,77320.7773626745
51429,60848.20725948444
51430,82835.20198237327
51431,213298.84763548465
51432,514215.07329848345
51433,574581.4672007225
51434,506840.83300423506
51435,77533.75632485103
51436,462370.9753570361
51437,467610.63964592764
51438,539994.9811650976
51439,469484.88513057923
51440,173220.02228489783
51441,579718.3791135184
51442,126046.5304039224
51443,48269.52985557327
51444,230521.93167590708
51445,430540.30115798087
51446,45806.80781956408
51447,528921.1723584845
51448,523553.04993868305
51449,568462.512914478
51450,539994.9811650976
51451,94001.81425404249
51452,66905.19287567616
51453,574581.4672007225
51454,506840.83300423506
51455,405975.4492406498
51456,68812.50046036368
51457,79581.56385526757
51458,61388.76645185804
51459,48269.52985557327
51460,463927.1285592423
51461,451822.88999370177
51462,500420.78453070903
51463,214697.27244550895
51464,128336.37295388714
51465,512247.9452279466
51466,571310.0746983561
51467,557027.4542954119
51468,545143.0249695482
51469,73481.14300401145
51470,471783.6407657977
51471,49273.54277517831
51472,87564.3456863145
51473,539528.5145090924
51474,234775.76359272978
51475,56627.327880307705
51476,125655.82497968676
51477,469273.98089435423
51478,545785.4169768337
51479,74714.01940676058
51480,418552.94060324226
51481,486373.387929943
51482,427631.90990323335
51483,253731.61004355518
51484,562631.0181272087
51485,405764.5450044248
51486,486493.1318519999
51487,528432.2841747621
51488,539739.4187453174
51489,63303.010998226004
51490,83514.23430517307
51491,568754.2551080029
51492,539994.9811650976
51493,512247.9452279466
51494,113499.30922143708
51495,283436.28989960026
51496,513652.79605609097
51497,547524.5319360729
51498,56938.09343673121
51499,519887.08253402944
51500,482478.9726070326
51501,560897.7429014475
51502,521822.9175565476
51503,539528.5145090924
51504,72896.72293145198
51505,551697.533055943
51506,527743.5947405851
51507,468496.11712423933
51508,491979.04485302046
51509,469484.88513057923
51510,74109.45280861313
51511,456475.9569428083
51512,512247.9452279466
51513,592727.3073012893
51514,547524.5319360729
51515,596391.7045100462
51516,56627.327880307705
51517,573095.1730316436
51518,153009.37059055563
51519,532084.5126642258
51520,120055.1499014541
51521,473102.1189388021
51522,566688.1787131836
51523,77269.85381713702
51524,519887.08253402944
51525,52127.471437058986
51526,52127.471437058986
51527,571438.2206890576
51528,469273.98089435423
51529,83713.92715212716
51530,212008.90010615854
51531,79845.28179511217
51532,213298.84763548465
51533,519887.08253402944
51534,519887.08253402944
51535,69469.44441651556
51536,512247.9452279466
51537,450865.9123601708
51538,173030.7164564896
51539,212008.90010615854
51540,488798.91422114626
51541,565778.5473334233
51542,512247.9452279466
51543,519887.08253402944
51544,560897.7429014475
51545,496365.0619111667
51546,501206.1451107125
51547,488756.73045126244
51548,467539.13949070836
51549,573095.1730316436
51550,498984.3207976798
51551,68684.52624167435
51552,512247.9452279466
51553,124282.91365939769
51554,105867.04272286833
51555,60848.20725948444
51556,519887.08253402944
51557,56627.327880307705
51558,521541.98043381074
51559,232198.26451900954
51560,439973.49164905463
51561,81742.59264066855
51562,230521.93167590708
51563,58108.03868194415
51564,476660.81101463956
51565,547524.5319360729
51566,598258.8346662221
51567,451611.98575747677
51568,451611.98575747677
51569,532593.9059458792
51570,63303.010998226004
51571,96070.3662996182
51572,574581.4672007225
51573,73481.14300401145
51574,68201.99236461378
51575,483239.78846849804
51576,566688.1787131836
51577,53151.855445375324
51578,416523.53460398415
51579,457011.12610388926
51580,63303.010998226004
51581,547524.5319360729
51582,469273.98089435423
51583,486162.483693718
51584,514734.6665528141
51585,527743.5947405851
51586,451611.98575747677
51587,517647.0855743594
51588,442657.4572301093
51589,547888.8147136766
51590,573095.1730316436
51591,512247.9452279466
51592,132651.77744457536
51593,409803.5872850977
51594,68201.99236461378
51595,587659.7253499635
51596,571182.1535576539
51597,49273.54277517831
51598,488756.73045126244
51599,57788.297332012735
51600,60848.20725948444
51601,539528.5145090924
51602,427101.0297582413
51603,511995.37557601236
51604,473313.0231750271
51605,506840.83300423506
51606,525598.3131704616
51607,553679.2505254127
51608,477116.5514877038
51609,62170.62426594672
51610,560897.7429014475
51611,194666.70500798814
51612,451822.88999370177
51613,539352.5891578121
51614,487785.9065849479
51615,91860.09842442734
51616,215091.8085565743
51617,412132.23262379743
51618,469484.88513057923
51619,480912.14407037105
51620,529909.9403648245
51621,498341.9287903943
51622,273671.2339224861
51623,474947.8293082334
51624,519887.08253402944
51625,584851.6812168054
51626,512247.9452279466
51627,49793.89033410835
51628,451822.88999370177
51629,529909.9403648245
51630,115120.02163394688
51631,185572.20467636714
51632,147471.30110714963
51633,93358.22076563623
51634,572219.7060781164
51635,513177.1350680264
51636,59165.14346571872
51637,469484.88513057923
51638,483861.10853836144
51639,112944.82245066013
51640,529909.9403648245
51641,469273.98089435423
51642,143016.7075791114
51643,472100.2675243553
51644,512589.3849826907
51645,63063.104243814305
51646,469273.98089435423
51647,56627.327880307705
51648,524406.1967541295
51649,90249.43142644087
51650,85671.13797389521
51651,72481.41975851629
51652,540985.5458943306
51653,491979.04485302046
51654,313498.80108059273
51655,473102.1189388021
51656,234574.76280242507
51657,463927.1285592423
51658,512247.9452279466
51659,521541.98043381074
51660,506878.1543462585
51661,447238.29423974856
51662,154337.9991572354
51663,519887.08253402944
51664,512247.9452279466
51665,563325.6413510984
51666,461644.57028568204
51667,256797.53049787277
51668,55238.28800078861
51669,62663.02147549741
51670,469273.98089435423
51671,560897.7429014475
51672,56627.327880307705
51673,527743.5947405851
51674,451822.88999370177
51675,53261.37881750386
51676,230521.93167590708
51677,63843.57019059962
51678,486704.0360882249
51679,512095.1442943785
51680,412878.3060211034
51681,506840.83300423506
51682,209289.15111614444
51683,512247.9452279466
51684,527743.5947405851
51685,394908.54845800047
51686,483861.10853836144
51687,471783.6407657977
51688,473313.0231750271
51689,539994.9811650976
51690,403001.80278738315
51691,512247.9452279466
51692,495524.0137186851
51693,592727.3073012893
51694,512589.3849826907
51695,68002.951506716
51696,473102.1189388021
51697,469273.98089435423
51698,477862.01858180756
51699,529909.9403648245
51700,56627.327880307705
51701,237139.4449926179
51702,62663.02147549741
51703,469484.88513057923
51704,100631.55465391424
51705,122393.27140762605
51706,314364.57609852264
51707,504238.6320878231
51708,73956.77743851762
51709,229690.12369986047
51710,111758.92585669461
51711,170292.4427907205
51712,62663.02147549741
51713,113060.88238533409
51714,118839.0673190386
51715,469484.88513057923
51716,53151.855445375324
51717,469273.98089435423
51718,522184.37244109623
51719,525110.7282923644
51720,177450.17764148326
51721,519887.08253402944
51722,56627.327880307705
51723,571310.0746983561
51724,59972.71289145081
51725,451822.88999370177
51726,451822.88999370177
51727,97108.79010330819
51728,75455.03960112404
51729,65778.3306067108
51730,52127.471437058986
51731,486493.1318519999
51732,411921.32838757243
51733,529909.9403648245
51734,80240.01499129857
51735,157520.50918805227
51736,463927.1285592423
51737,539739.4187453174
51738,162438.8259300197
51739,473313.0231750271
51740,571861.8669069629
51741,76315.63252268959
51742,592727.3073012893
51743,451822.88999370177
51744,64403.73427137468
51745,420351.672648432
51746,539941.0248707812
51747,518133.4840463105
51748,560897.7429014475
51749,512247.9452279466
51750,51123.458517453924
51751,545143.0249695482
51752,117025.41852961102
51753,579718.3791135184
51754,405975.4492406498
51755,469273.98089435423
51756,508360.49675080844
51757,469273.98089435423
51758,68201.99236461378
51759,50806.57507876228
51760,560897.7429014475
51761,456265.0527065833
51762,68201.99236461378
51763,49273.54277517831
51764,65286.956053960064
51765,451076.8165963958
51766,412878.3060211034
51767,522184.37244109623
51768,167671.16580311814
51769,168057.6516115269
51770,532084.5126642258
51771,456475.9569428083
51772,469484.88513057923
51773,49793.89033410835
51774,193739.1960990829
51775,543841.0208493875
51776,505615.93301334954
51777,469484.88513057923
51778,451611.98575747677
51779,488798.91422114626
51780,62964.47101840194
51781,272013.157017159
51782,527743.5947405851
51783,48789.87741450328
51784,79804.17414209933
51785,473102.1189388021
51786,547524.5319360729
51787,469273.98089435423
51788,153009.37059055563
51789,60848.20725948444
51790,482597.3964612126
51791,527743.5947405851
51792,535309.2567186746
51793,114895.3809413593
51794,500957.47716222116
51795,430540.30115798087
51796,500555.12100113777
51797,394908.54845800047
51798,380783.5911083251
51799,60848.20725948444
51800,67810.26253598009
51801,519887.08253402944
51802,450865.9123601708
51803,68742.55155698738
51804,210172.38435819536
51805,521541.98043381074
51806,555745.326920232
51807,512247.9452279466
51808,52614.23503941558
51809,451076.8165963958
51810,512247.9452279466
51811,60848.20725948444
51812,62129.00616369504
51813,60670.44517449973
51814,450865.9123601708
51815,569372.1442942383
51816,563581.7084825021
51817,53740.58503655349
51818,54479.97280096604
51819,59706.42931152303
51820,112780.27779726523
51821,183467.96793264244
51822,213298.84763548465
51823,158104.86427559535
51824,66588.11045133715
51825,506878.1543462585
51826,539739.4187453174
51827,516901.0121770535
51828,512247.9452279466
51829,123314.88315521003
51830,64726.51992968144
51831,512247.9452279466
51832,83153.15497660432
51833,471957.9464754089
51834,512247.9452279466
51835,55061.898280560665
51836,103007.8573200533
51837,73356.27351558022
51838,418969.23531193304
51839,104457.76920305268
51840,512247.9452279466
51841,63103.97014032822
51842,534984.5229832045
51843,555381.0441426283
51844,498984.3207976798
51845,526136.4811508685
51846,409803.5872850977
51847,547209.1013643675
51848,114895.3809413593
51849,503478.8003537735
51850,405764.5450044248
51851,512247.9452279466
51852,157773.28620251644
51853,179594.44028934487
51854,451611.98575747677
51855,183467.96793264244
51856,64726.51992968144
51857,68201.99236461378
51858,456475.9569428083
51859,469484.88513057923
51860,482689.87684325763
51861,63303.010998226004
51862,64809.15437593429
51863,67843.3106997783
51864,450865.9123601708
51865,568462.512914478
51866,500794.83477271884
51867,456475.9569428083
51868,56627.327880307705
51869,62663.02147549741
51870,402790.89855115814
51871,75940.66893854586
51872,512247.9452279466
51873,232198.26451900954
51874,451822.88999370177
51875,60848.20725948444
51876,557911.9419400329
51877,69681.24249159923
51878,476971.24208485486
51879,571824.5455649394
51880,419180.13954815804
51881,195243.64215370364
51882,512247.9452279466
51883,483861.10853836144
51884,224520.89426043446
51885,451611.98575747677
51886,476852.32062835264
51887,498984.3207976798
51888,56242.30092039367
51889,560897.7429014475
51890,68928.88522414195
51891,539739.4187453174
51892,521541.98043381074
51893,506198.44099694956
51894,70448.08470829665
51895,532084.5126642258
51896,527743.5947405851
51897,545785.4169768337
51898,90887.90820842503
51899,469706.6664598356
51900,506198.44099694956
51901,70385.87870976546
51902,275167.72338175727
51903,70689.98171518037
51904,109978.20241960902
51905,405764.5450044248
51906,512247.9452279466
51907,123275.82190257024
51908,532084.5126642258
51909,405764.5450044248
51910,451611.98575747677
51911,50806.57507876228
51912,529909.9403648245
51913,451822.88999370177
51914,457222.03034011426
51915,60848.20725948444
51916,512247.9452279466
51917,394908.54845800047
51918,473102.1189388021
51919,98235.50031850995
51920,512247.9452279466
51921,68201.99236461378
51922,68201.99236461378
51923,469484.88513057923
51924,512247.9452279466
51925,81742.59264066855
51926,529909.9403648245
51927,452174.1503191628
51928,49273.54277517831
51929,54467.70385938868
51930,267003.6303424465
51931,52127.471437058986
51932,411921.32838757243
51933,447830.00385561003
51934,521541.98043381074
51935,469484.88513057923
51936,469273.98089435423
51937,527743.5947405851
51938,521331.0761975858
51939,486482.8166540003
51940,56627.327880307705
51941,117039.04398945191
51942,405975.4492406498
51943,87564.3456863145
51944,467610.63964592764
51945,56627.327880307705
51946,71417.28917660598
51947,539941.0248707812
51948,451611.98575747677
51949,63303.010998226004
51950,52652.88964337572
51951,267003.6303424465
51952,55061.898280560665
51953,467610.63964592764
51954,420351.672648432
51955,456475.9569428083
51956,469484.88513057923
51957,486704.0360882249
51958,545785.4169768337
51959,486162.483693718
51960,451611.98575747677
51961,473102.1189388021
51962,60848.20725948444
51963,260985.0247443047
51964,498984.3207976798
51965,512247.9452279466
51966,506198.44099694956
51967,440823.43773146713
51968,277010.54076716077
51969,230521.93167590708
51970,547209.1013643675
51971,469273.98089435423
51972,68201.99236461378
51973,504144.81179087784
51974,584851.6812168054
51975,85671.13797389521
51976,568462.512914478
51977,271398.4565662768
51978,463927.1285592423
51979,506840.83300423506
51980,545143.0249695482
51981,86195.71627057176
51982,70312.69015490822
51983,68489.31213426232
51984,155693.3361716103
51985,409803.5872850977
51986,469484.88513057923
51987,568754.2551080029
51988,103095.87850153388
51989,61388.76645185804
51990,207836.08227992686
51991,176263.98273248962
51992,462370.9753570361
51993,512247.9452279466
51994,451611.98575747677
51995,109976.9444225318
51996,471957.9464754089
51997,405975.4492406498
51998,62663.02147549741
51999,73298.41828658857
52000,422652.7463986184
52001,496250.84324683074
52002,464553.67731759173
52003,471089.86938979884
52004,571182.1535576539
52005,519887.08253402944
52006,471783.6407657977
52007,555745.326920232
52008,495524.0137186851
52009,491072.76260588417
52010,52127.471437058986
52011,419180.13954815804
52012,280394.4693785243
52013,573095.1730316436
52014,68201.99236461378
52015,571824.5455649394
52016,587659.7253499635
52017,405764.5450044248
52018,512992.264902915
52019,99367.64070104806
52020,452174.1503191628
52021,51123.458517453924
52022,514734.6665528141
52023,64779.28523441488
52024,491979.04485302046
52025,506198.44099694956
52026,105382.7467677632
52027,545270.9461102502
52028,512247.9452279466
52029,514140.6571461359
52030,151825.03038114661
52031,539739.4187453174
52032,445985.15733333916
52033,56627.327880307705
52034,299694.14592194784
52035,462370.9753570361
52036,98496.60696021312
52037,477862.01858180756
52038,547581.1090219168
52039,87204.84832990903
52040,53151.855445375324
52041,482716.93607496825
52042,83248.68099020798
52043,56455.80021240519
52044,498984.3207976798
52045,486162.483693718
52046,103095.87850153388
52047,77058.19651046036
52048,512247.9452279466
52049,573095.1730316436
52050,486493.1318519999
52051,477862.01858180756
52052,451822.88999370177
52053,405975.4492406498
52054,480912.14407037105
52055,506352.88106784265
52056,60848.20725948444
52057,496655.42642770166
52058,585429.6097499506
52059,60848.20725948444
52060,84005.3083270549
52061,60848.20725948444
52062,153469.05982938985
52063,476971.24208485486
52064,512247.9452279466
52065,124466.82085670288
52066,513177.1350680264
52067,500555.12100113777
52068,153220.27482678066
52069,94879.97887599112
52070,63407.04594210416
52071,447830.00385561003
52072,531514.9246240442
52073,500794.83477271884
52074,486373.387929943
52075,588535.1923034907
52076,571182.1535576539
52077,469273.98089435423
52078,97900.30360969111
52079,217049.85698926626
52080,451822.88999370177
52081,500555.12100113777
52082,68960.20050469296
52083,70743.69944015493
52084,68201.99236461378
52085,512247.9452279466
52086,521541.98043381074
52087,405975.4492406498
52088,495524.0137186851
52089,498984.3207976798
52090,451076.8165963958
52091,161207.3995231
52092,512247.9452279466
52093,529909.9403648245
52094,533738.0784092724
52095,506840.83300423506
52096,49273.54277517831
52097,512247.9452279466
52098,49273.54277517831
52099,158639.50398482193
52100,215025.95003713566
52101,584851.6812168054
52102,68201.99236461378
52103,68201.99236461378
52104,71923.82983078786
52105,85009.97694897711
52106,488756.73045126244
52107,469416.30194330064
52108,525598.3131704616
52109,467750.04372693336
52110,512781.36066669
52111,545143.0249695482
52112,149658.87714032183
52113,559390.4811618449
52114,462970.9036309885
52115,70478.82245975228
52116,504238.6320878231
52117,162289.3415474952
52118,526519.5863213217
52119,422863.6506348434
52120,100713.12125398281
52121,136254.8697412334
52122,69616.26017224861
52123,573095.1730316436
52124,122368.26906702359
52125,450865.9123601708
52126,537928.9047702783
52127,498341.9287903943
52128,67597.42576646636
52129,60848.20725948444
52130,525598.3131704616
52131,522184.37244109623
52132,96067.38499598241
52133,177800.29353418679
52134,512247.9452279466
52135,69681.24249159923
52136,495524.0137186851
52137,588535.1923034907
52138,51653.84427107978
52139,68742.55155698738
52140,53660.50374064296
52141,314364.57609852264
52142,506840.83300423506
52143,164728.61819691354
52144,587659.7253499635
52145,532593.9059458792
52146,92408.1753591596
52147,512992.264902915
52148,450865.9123601708
52149,99747.17641062273
52150,110098.10234457398
52151,472672.4441807984
52152,573095.1730316436
52153,529909.9403648245
52154,49273.54277517831
52155,51728.34651391989
52156,512247.9452279466
52157,473313.0231750271
52158,483239.78846849804
52159,130672.88513522419
52160,420881.24388774397
52161,72581.59923501508
52162,456475.9569428083
52163,84957.53136159704
52164,545785.4169768337
52165,456475.9569428083
52166,80242.71165465629
52167,377310.98425786477
52168,60848.20725948444
52169,140321.3557831204
52170,469273.98089435423
52171,545785.4169768337
52172,513177.1350680264
52173,456265.0527065833
52174,496655.42642770166
52175,63303.010998226004
52176,49273.54277517831
52177,473313.0231750271
52178,53468.65848709275
52179,117236.32276583606
52180,528796.5669523661
52181,522571.0481150841
52182,512247.9452279466
52183,77628.43164185266
52184,56627.327880307705
52185,513177.1350680264
52186,547294.8053069984
52187,573095.1730316436
52188,461624.90195973014
52189,145783.60709802195
52190,513652.79605609097
52191,480032.97049391357
52192,525598.3131704616
52193,55547.052260899
52194,111997.97324604636
52195,220702.46105276025
52196,533738.0784092724
52197,512247.9452279466
52198,518021.5225737501
52199,486704.0360882249
52200,560897.7429014475
52201,405764.5450044248
52202,469205.39770707564
52203,450865.9123601708
52204,473313.0231750271
52205,469416.30194330064
52206,548223.5010292022
52207,143016.7075791114
52208,50806.57507876228
52209,77058.19651046036
52210,439973.49164905463
52211,53151.855445375324
52212,451611.98575747677
52213,532084.5126642258
52214,541968.1375296392
52215,486162.483693718
52216,71001.28572828749
52217,49273.54277517831
52218,405975.4492406498
52219,116286.6824904521
52220,565778.5473334233
52221,512247.9452279466
52222,233112.3319472412
52223,514734.6665528141
52224,68324.3186259945
52225,496655.42642770166
52226,181880.9438481539
52227,440823.43773146713
52228,56627.327880307705
52229,64468.81948098906
52230,60848.20725948444
52231,218454.3882816268
52232,264783.5607399773
52233,56627.327880307705
52234,512247.9452279466
52235,65513.45362630815
52236,72899.20519074757
52237,547851.493371653
52238,473102.1189388021
52239,451822.88999370177
52240,68201.99236461378
52241,70222.98307816856
52242,68998.85783286516
52243,568754.2551080029
52244,521541.98043381074
52245,469484.88513057923
52246,484457.9962975055
52247,483861.10853836144
52248,527743.5947405851
52249,469273.98089435423
52250,280394.4693785243
52251,451611.98575747677
52252,92066.78573399103
52253,568754.2551080029
52254,416523.53460398415
52255,519887.08253402944
52256,543841.0208493875
52257,412878.3060211034
52258,269687.5959235012
52259,246269.26942942405
52260,463927.1285592423
52261,480032.97049391357
52262,573095.1730316436
52263,451611.98575747677
52264,56627.327880307705
52265,495524.0137186851
52266,67219.60020425817
52267,359913.4525299228
52268,55547.052260899
52269,187348.89725975966
52270,60670.44517449973
52271,66869.71202566137
52272,566688.1787131836
52273,516901.0121770535
52274,56627.327880307705
52275,48789.87741450328
52276,65778.3306067108
52277,483861.10853836144
52278,456265.0527065833
52279,512247.9452279466
52280,451611.98575747677
52281,67698.80709049606
52282,66869.71202566137
52283,67871.07230048574
52284,544489.4607211915
52285,560897.7429014475
52286,51123.458517453924
52287,63303.010998226004
52288,513388.0393042512
52289,543841.0208493875
52290,75798.40498165808
52291,539994.9811650976
52292,104172.61148102117
52293,471783.6407657977
52294,563325.6413510984
52295,469273.98089435423
52296,58173.397007939064
52297,512247.9452279466
52298,451822.88999370177
52299,149951.08228362032
52300,60848.20725948444
52301,483747.5574001714
52302,472168.8507116339
52303,68864.87781836811
52304,120349.24608837377
52305,104999.83484434226
52306,68201.99236461378
52307,495524.0137186851
52308,469273.98089435423
52309,58165.76953048297
52310,63303.010998226004
52311,409592.6830488727
52312,469273.98089435423
52313,115453.62399339171
52314,498341.9287903943
52315,547581.1090219168
52316,498984.3207976798
52317,94012.8690104712
52318,473102.1189388021
52319,469484.88513057923
52320,523553.04993868305
52321,469273.98089435423
52322,451076.8165963958
52323,500794.83477271884
52324,451822.88999370177
52325,539994.9811650976
52326,181604.40822668394
52327,505615.93301334954
52328,543841.0208493875
52329,519887.08253402944
52330,49273.54277517831
52331,76263.15041256134
52332,469484.88513057923
52333,516901.0121770535
52334,283368.99023762386
52335,526519.5863213217
52336,498341.9287903943
52337,541805.4951401368
52338,473313.0231750271
52339,137225.3882284511
52340,80240.01499129857
52341,598258.8346662221
52342,527686.7180420521
52343,451611.98575747677
52344,557911.9419400329
52345,79346.31836295332
52346,522184.37244109623
52347,512247.9452279466
52348,547888.8147136766
52349,97287.94068904613
52350,523514.0601347731
52351,101280.76028008912
52352,532084.5126642258
52353,469484.88513057923
52354,451611.98575747677
52355,547524.5319360729
52356,511501.8718306407
52357,451822.88999370177
52358,81859.97512870423
52359,505003.72265279153
52360,68201.99236461378
52361,73481.14300401145
52362,113499.30922143708
52363,89208.24468177422
52364,55715.429028464154
52365,451611.98575747677
52366,588535.1923034907
52367,451611.98575747677
52368,529909.9403648245
52369,49273.54277517831
52370,519887.08253402944
52371,512247.9452279466
52372,442657.4572301093
52373,488756.73045126244
52374,482689.87684325763
52375,49678.44912815804
52376,472168.8507116339
52377,498341.9287903943
52378,405764.5450044248
52379,554002.925270333
52380,512247.9452279466
52381,56242.30092039367
52382,500555.12100113777
52383,545785.4169768337
52384,60848.20725948444
52385,75177.87371418999
52386,553006.0359434306
52387,461959.45864784665
52388,51653.84427107978
52389,61189.72559396027
52390,68452.74454354229
52391,506198.44099694956
52392,208840.84713392815
52393,491979.04485302046
52394,433078.6740179401
52395,170618.45901630027
52396,487785.9065849479
52397,511501.8718306407
52398,457708.4288120656
52399,572399.0922127808
52400,92113.72192013836
52401,484827.75429141027
52402,469484.88513057923
52403,408448.5105854795
52404,405975.4492406498
52405,469484.88513057923
52406,587659.7253499635
52407,83491.08025108725
52408,161684.77494934775
52409,469484.88513057923
52410,506840.83300423506
52411,571310.0746983561
52412,519887.08253402944
52413,512247.9452279466
52414,49273.54277517831
52415,533738.0784092724
52416,469484.88513057923
52417,280368.72829522257
52418,77993.97850445122
52419,545143.0249695482
52420,117050.09874588063
52421,76168.26744748559
52422,463927.1285592423
52423,72770.05366687353
52424,546626.5933807674
52425,462370.9753570361
52426,545270.9461102502
52427,527743.5947405851
52428,469484.88513057923
52429,519887.08253402944
52430,54643.00538037272
52431,544851.5771851169
52432,521331.0761975858
52433,229690.12369986047
52434,539739.4187453174
52435,483861.10853836144
52436,456475.9569428083
52437,464226.1008734028
52438,188404.6048965177
52439,60848.20725948444
52440,89327.8946534458
52441,405975.4492406498
52442,462370.9753570361
52443,469273.98089435423
52444,73420.13874033764
52445,522184.37244109623
52446,512247.9452279466
52447,151825.03038114661
52448,547524.5319360729
52449,469273.98089435423
52450,471783.6407657977
52451,469484.88513057923
52452,498984.3207976798
52453,73481.14300401145
52454,469273.98089435423
52455,500555.12100113777
52456,512247.9452279466
52457,543841.0208493875
52458,54011.06590752201
52459,85917.78643847998
52460,544851.5771851169
52461,467528.6108755743
52462,498341.9287903943
52463,49273.54277517831
52464,573095.1730316436
52465,512412.5165180488
52466,506840.83300423506
52467,545143.0249695482
52468,229953.71662231107
52469,61900.34043649163
52470,170618.45901630027
52471,471783.6407657977
52472,572219.7060781164
52473,533738.0784092724
52474,524704.4973298121
52475,70023.26934527408
52476,553600.0453501088
52477,60848.20725948444
52478,530427.5603216396
52479,68181.24147152733
52480,83251.31647680455
52481,560897.7429014475
52482,504238.6320878231
52483,64174.71863626746
52484,60243.640661337005
52485,521541.98043381074
52486,544851.5771851169
52487,554588.4834887796
52488,310362.41792283376
52489,560897.7429014475
52490,75678.72771103468
52491,72020.45583415196
52492,512247.9452279466
52493,592727.3073012893
52494,60848.20725948444
52495,164664.37945915075
52496,430540.30115798087
52497,491979.04485302046
52498,67311.00135225776
52499,451611.98575747677
52500,58160.36018389169
52501,532084.5126642258
52502,410456.46109883225
52503,469484.88513057923
52504,286234.93686802953
52505,71086.58254953261
52506,573095.1730316436
52507,61180.57611510458
52508,132423.384634214
52509,588535.1923034907
52510,53151.855445375324
52511,472168.8507116339
52512,72294.63859260015
52513,114684.47670513426
52514,566688.1787131836
52515,482478.9726070326
52516,566688.1787131836
52517,548007.2412898667
52518,126759.20783209465
52519,422863.6506348434
52520,512247.9452279466
52521,480032.97049391357
52522,212008.90010615854
52523,579803.2131434081
52524,451076.8165963958
52525,519887.08253402944
52526,432867.7697817151
52527,461624.90195973014
52528,480032.97049391357
52529,584851.6812168054
52530,55451.78729280016
52531,584851.6812168054
52532,457708.4288120656
52533,592727.3073012893
52534,529909.9403648245
52535,545143.0249695482
52536,175932.8588630705
52537,52346.58634769646
52538,539528.5145090924
52539,573095.1730316436
52540,61826.617408498954
52541,63303.010998226004
52542,463927.1285592423
52543,512599.205553408
52544,131516.7289829009
52545,43352.00408082252
52546,521822.9175565476
52547,78111.5643174088
52548,60784.1998537106
52549,49273.54277517831
52550,56627.327880307705
52551,486704.0360882249
52552,571310.0746983561
52553,512247.9452279466
52554,92221.94945426694
52555,440836.60021074157
52556,83084.23706170851
52557,202103.00772102334
52558,426890.1255220163
52559,50986.80410597692
52560,545785.4169768337
52561,68201.99236461378
52562,469484.88513057923
52563,450865.9123601708
52564,580951.6852381991
52565,506878.1543462585
52566,573095.1730316436
52567,491979.04485302046
52568,451822.88999370177
52569,62129.00616369504
52570,86325.63202987143
52571,178196.2510387892
52572,532593.9059458792
52573,155693.3361716103
52574,479044.20248757367
52575,523608.0568286302
52576,217811.9962743414
52577,182007.8526579559
52578,490258.96792977763
52579,532084.5126642258
52580,521331.0761975858
52581,465088.8464786727
52582,517336.3071427763
52583,573095.1730316436
52584,132774.24511277062
52585,475467.15185248305
52586,511501.8718306407
52587,584851.6812168054
52588,451076.8165963958
52589,545785.4169768337
52590,451076.8165963958
52591,547888.8147136766
52592,78055.65820325639
52593,512247.9452279466
52594,539244.9440519185
52595,422863.6506348434
52596,114978.99418465173
52597,487575.00234872295
52598,480032.97049391357
52599,490387.54717491026
52600,486373.387929943
52601,519887.08253402944
52602,66869.71202566137
52603,568754.2551080029
52604,451076.8165963958
52605,130598.75743238181
52606,55451.78729280016
52607,512247.9452279466
52608,571182.1535576539
52609,159835.8609223572
52610,464342.77308136673
52611,301910.3819041207
52612,60848.20725948444
52613,491979.04485302046
52614,55715.429028464154
52615,532084.5126642258
52616,506840.83300423506
52617,469484.88513057923
52618,68002.951506716
52619,451076.8165963958
52620,547524.5319360729
52621,506878.1543462585
52622,115120.02163394688
52623,469416.30194330064
52624,537987.660739608
52625,69856.69169456372
52626,512247.9452279466
52627,512247.9452279466
52628,547524.5319360729
52629,60848.20725948444
52630,598258.8346662221
52631,522184.37244109623
52632,79760.99409005017
52633,60848.20725948444
52634,175932.8588630705
52635,49793.89033410835
52636,225731.2382934993
52637,506840.83300423506
52638,116305.96446722896
52639,598258.8346662221
52640,88004.55640875832
52641,65684.12728350761
52642,491135.88360310695
52643,357229.48694886814
52644,451611.98575747677
52645,83949.9464710476
52646,500555.12100113777
52647,62501.6766093304
52648,572219.7060781164
52649,506840.83300423506
52650,512247.9452279466
52651,84463.64662365103
52652,569372.1442942383
52653,501896.58927609946
52654,498984.3207976798
52655,506840.83300423506
52656,473313.0231750271
52657,553600.0453501088
52658,65961.20570122496
52659,78805.75917057971
52660,573095.1730316436
52661,532084.5126642258
52662,61497.544886679396
52663,451822.88999370177
52664,574581.4672007225
52665,469273.98089435423
52666,592727.3073012893
52667,245144.30392505284
52668,56627.327880307705
52669,490724.801646225
52670,64726.51992968144
52671,71436.82260166593
52672,456475.9569428083
52673,450865.9123601708
52674,490176.64293868525
52675,539528.5145090924
52676,163769.366322001
52677,547851.493371653
52678,539739.4187453174
52679,560897.7429014475
52680,498341.9287903943
52681,56076.998318753554
52682,571182.1535576539
52683,457708.4288120656
52684,475467.15185248305
52685,444520.1112974269
52686,179738.7272056203
52687,430315.87548428803
52688,483861.10853836144
52689,512247.9452279466
52690,102524.33032323165
52691,610015.3428513838
52692,430540.30115798087
52693,537166.4569934089
52694,560710.9653820973
52695,78989.45098894328
52696,451611.98575747677
52697,80946.65191837892
52698,89308.63982279853
52699,140321.3557831204
52700,533799.1590001574
52701,485146.38432651246
52702,405975.4492406498
52703,79402.41522497397
52704,54684.8877489593
52705,560897.7429014475
52706,96070.3662996182
52707,533738.0784092724
52708,463927.1285592423
52709,512247.9452279466
52710,56455.80021240519
52711,547888.8147136766
52712,529909.9403648245
52713,82566.09528118193
52714,56627.327880307705
52715,532084.5126642258
52716,240890.45434639952
52717,573095.1730316436
52718,75598.3601149379
52719,512247.9452279466
52720,61388.76645185804
52721,533738.0784092724
52722,54467.70385938868
52723,451611.98575747677
52724,64726.51992968144
52725,514734.6665528141
52726,469273.98089435423
52727,498341.9287903943
52728,100713.12125398281
52729,451465.8406341232
52730,584851.6812168054
52731,56298.544967789465
52732,513652.79605609097
52733,79071.19297468042
52734,106077.94695909336
52735,519887.08253402944
52736,471957.9464754089
52737,451822.88999370177
52738,469273.98089435423
52739,506840.83300423506
52740,60848.20725948444
52741,476601.4840909501
52742,451611.98575747677
52743,67698.80709049606
52744,476601.4840909501
52745,447830.00385561003
52746,529909.9403648245
52747,68826.94463031879
52748,545143.0249695482
52749,64726.51992968144
52750,511501.8718306407
52751,82054.82920731154
52752,69616.26017224861
52753,513177.1350680264
52754,49793.89033410835
52755,56627.327880307705
52756,157186.96481068694
52757,61388.76645185804
52758,498207.97929973976
52759,571861.8669069629
52760,508360.49675080844
52761,560862.5481499861
52762,72215.33335327971
52763,548223.5010292022
52764,539941.0248707812
52765,491979.04485302046
52766,529909.9403648245
52767,563581.7084825021
52768,451822.88999370177
52769,61473.159525189454
52770,68201.99236461378
52771,154259.46457648766
52772,112753.23582413113
52773,537286.5127629928
52774,467024.0423061426
52775,573095.1730316436
52776,533454.8253770173
52777,473102.1189388021
52778,62501.6766093304
52779,498984.3207976798
52780,553600.0453501088
52781,125673.86417282638
52782,267152.28050255927
52783,451822.88999370177
52784,394908.54845800047
52785,469273.98089435423
52786,56627.327880307705
52787,501206.1451107125
52788,482689.87684325763
52789,593475.3524374077
52790,58118.477815305094
52791,469273.98089435423
52792,545143.0249695482
52793,471783.6407657977
52794,457497.5245758406
52795,149756.5500841207
52796,178196.2510387892
52797,409803.5872850977
52798,506840.83300423506
52799,166748.29584077088
52800,451611.98575747677
52801,61388.76645185804
52802,487785.9065849479
52803,491979.04485302046
52804,474947.8293082334
52805,63211.629995131065
52806,60649.16640158666
52807,418118.85389945214
52808,563581.7084825021
52809,460027.4339858062
52810,519887.08253402944
52811,508813.98936877673
52812,451611.98575747677
52813,48789.87741450328
52814,417320.4687339849
52815,456475.9569428083
52816,463927.1285592423
52817,57468.48318162451
52818,451822.88999370177
52819,499352.15176313295
52820,499352.15176313295
52821,460027.4339858062
52822,204859.16424634797
52823,152622.9119255831
52824,495807.18289746833
52825,563581.7084825021
52826,501896.58927609946
52827,519887.08253402944
52828,513177.1350680264
52829,82219.7587290623
52830,405975.4492406498
52831,68201.99236461378
52832,566688.1787131836
52833,124862.67939090187
52834,451822.88999370177
52835,141324.28751297868
52836,60848.20725948444
52837,178196.2510387892
52838,498984.3207976798
52839,451822.88999370177
52840,451822.88999370177
52841,473102.1189388021
52842,492218.69180960004
52843,463927.1285592423
52844,62237.77186327107
52845,72751.2328216274
52846,153220.27482678066
52847,85675.6569770948
52848,151025.71883131145
52849,64726.51992968144
52850,114684.47670513426
52851,416523.53460398415
52852,469273.98089435423
52853,504238.6320878231
52854,136254.8697412334
52855,451822.88999370177
52856,547524.5319360729
52857,457222.03034011426
52858,71274.2315762551
52859,469484.88513057923
52860,558796.4717551668
52861,451076.8165963958
52862,475467.15185248305
52863,409803.5872850977
52864,462370.9753570361
52865,430329.39692175586
52866,68201.99236461378
52867,274197.54846356454
52868,241101.35858262455
52869,457011.12610388926
52870,451611.98575747677
52871,506198.44099694956
52872,186505.5590648061
52873,521541.98043381074
52874,485461.61278153077
52875,473102.1189388021
52876,65775.42268138
52877,477862.01858180756
52878,501896.58927609946
52879,506198.44099694956
52880,598258.8346662221
52881,56627.327880307705
52882,486162.483693718
52883,541579.5553010087
52884,539994.9811650976
52885,522571.0481150841
52886,512247.9452279466
52887,102524.33032323165
52888,469273.98089435423
52889,506198.44099694956
52890,68928.88522414195
52891,49273.54277517831
52892,254331.74803912826
52893,578456.1577806092
52894,78986.76962465899
52895,106068.22433362433
52896,532084.5126642258
52897,377310.98425786477
52898,563325.6413510984
52899,451076.8165963958
52900,73024.57517590128
52901,463927.1285592423
52902,547209.1013643675
52903,500555.12100113777
52904,473313.0231750271
52905,572219.7060781164
52906,526519.5863213217
52907,467610.63964592764
52908,194666.70500798814
52909,56292.942594116954
52910,463927.1285592423
52911,133687.14232355283
52912,479285.4496720048
52913,451611.98575747677
52914,512247.9452279466
52915,232198.26451900954
52916,68201.99236461378
52917,160411.7762453116
52918,367934.4319948044
52919,512247.9452279466
52920,56627.327880307705
52921,588535.1923034907
52922,73481.14300401145
52923,469484.88513057923
52924,69489.0925304364
52925,572219.7060781164
52926,92012.57929997354
52927,539739.4187453174
52928,440836.60021074157
52929,63303.010998226004
52930,456265.0527065833
52931,56627.327880307705
52932,61388.76645185804
52933,539994.9811650976
52934,555225.7336659015
52935,68201.99236461378
52936,91674.22486198001
52937,377100.08002163976
52938,416523.53460398415
52939,216215.12155034536
52940,78929.82783405505
52941,568754.2551080029
52942,72770.05366687353
52943,504238.6320878231
52944,89208.24468177422
52945,506920.68167331297
52946,560897.7429014475
52947,519887.08253402944
52948,571182.1535576539
52949,529909.9403648245
52950,65351.47219538644
52951,498341.9287903943
52952,451822.88999370177
52953,173030.7164564896
52954,462370.9753570361
52955,117025.41852961102
52956,511302.1397912323
52957,529909.9403648245
52958,51728.34651391989
52959,194179.05192136564
52960,513388.0393042512
52961,511501.8718306407
52962,547524.5319360729
52963,518379.5036575918
52964,217811.9962743414
52965,451822.88999370177
52966,513177.1350680264
52967,571824.5455649394
52968,498207.97929973976
52969,62663.02147549741
52970,451611.98575747677
52971,451611.98575747677
52972,565778.5473334233
52973,58173.397007939064
52974,451611.98575747677
52975,53277.84190908073
52976,574581.4672007225
52977,544851.5771851169
52978,56627.327880307705
52979,87643.64667355975
52980,568754.2551080029
52981,522184.37244109623
52982,147054.2986614386
52983,55715.429028464154
52984,49273.54277517831
52985,480032.97049391357
52986,212008.90010615854
52987,60848.20725948444
52988,70743.69944015493
52989,73356.27351558022
52990,472168.8507116339
52991,49273.54277517831
52992,63963.516390697885
52993,543841.0208493875
52994,528605.0804205412
52995,52840.10975397477
52996,60664.83629738386
52997,134858.95268833693
52998,543841.0208493875
52999,451822.88999370177
53000,61388.76645185804
53001,211797.9958699335
53002,547851.493371653
53003,450865.9123601708
53004,405764.5450044248
53005,537987.660739608
53006,80624.82018372043
53007,471089.86938979884
53008,60661.78494532998
53009,79514.45660714842
53010,560897.7429014475
53011,519887.08253402944
53012,52519.83640956088
53013,543841.0208493875
53014,451076.8165963958
53015,598258.8346662221
53016,512247.9452279466
53017,113948.06488210907
53018,140037.06153751625
53019,62663.02147549741
53020,519887.08253402944
53021,572399.0922127808
53022,566688.1787131836
53023,560897.7429014475
53024,539994.9811650976
53025,60848.20725948444
53026,512095.1442943785
53027,161690.75189478867
53028,425492.4211370294
53029,512247.9452279466
53030,54043.51777052961
53031,66869.71202566137
53032,419180.13954815804
53033,76263.15041256134
53034,68959.82803455589
53035,70743.69944015493
53036,98235.50031850995
53037,146771.37529262764
53038,563581.7084825021
53039,97433.76041914623
53040,509562.1199273132
53041,573095.1730316436
53042,453494.1533166762
53043,571182.1535576539
53044,405975.4492406498
53045,491979.04485302046
53046,467610.63964592764
53047,557027.4542954119
53048,526730.4905575466
53049,477862.01858180756
53050,537286.5127629928
53051,539994.9811650976
53052,553679.2505254127
53053,472168.8507116339
53054,49273.54277517831
53055,469484.88513057923
53056,571182.1535576539
53057,431188.3077836695
53058,75180.36916907014
53059,68201.99236461378
53060,457011.12610388926
53061,135396.9517025558
53062,511501.8718306407
53063,469484.88513057923
53064,405764.5450044248
53065,241101.35858262455
53066,240898.11155234172
53067,134298.99767115837
53068,482386.4922249876
53069,68928.88522414195
53070,583976.2142632782
53071,585429.6097499506
53072,51123.458517453924
53073,451822.88999370177
53074,487575.00234872295
53075,137313.13003001394
53076,498341.9287903943
53077,513652.79605609097
53078,405975.4492406498
53079,451822.88999370177
53080,122818.58551255835
53081,473102.1189388021
53082,494663.01043407514
53083,420670.33965151897
53084,64468.81948098906
53085,584851.6812168054
53086,500555.12100113777
53087,181967.9511242992
53088,451611.98575747677
53089,451611.98575747677
53090,469484.88513057923
53091,544851.5771851169
53092,451822.88999370177
53093,500555.12100113777
53094,506840.83300423506
53095,451611.98575747677
53096,71698.81054040405
53097,411921.32838757243
53098,51123.458517453924
53099,60848.20725948444
53100,113710.21345766212
53101,55715.429028464154
53102,473313.0231750271
53103,72016.53677057609
53104,451076.8165963958
53105,469484.88513057923
53106,512247.9452279466
53107,191757.4510573565
53108,72352.34405574859
53109,122368.26906702359
53110,130672.88513522419
53111,267003.6303424465
53112,579718.3791135184
53113,409803.5872850977
53114,560897.7429014475
53115,471089.86938979884
53116,409803.5872850977
53117,451822.88999370177
53118,486704.0360882249
53119,49273.54277517831
53120,533738.0784092724
53121,69628.01144610682
53122,506198.44099694956
53123,52127.471437058986
53124,542423.3843263721
53125,405764.5450044248
53126,529909.9403648245
53127,418969.23531193304
53128,68201.99236461378
53129,81899.15041648476
53130,451611.98575747677
53131,70139.13284200752
53132,211797.9958699335
53133,463927.1285592423
53134,469484.88513057923
53135,512247.9452279466
53136,277672.32339597825
53137,513472.4452199048
53138,566688.1787131836
53139,547294.8053069984
53140,524862.0603438731
53141,60848.20725948444
53142,467610.63964592764
53143,158494.7361214767
53144,474947.8293082334
53145,229635.29088139127
53146,474947.8293082334
53147,420670.33965151897
53148,586806.6301172519
53149,452170.9217792508
53150,495524.0137186851
53151,61350.20400114251
53152,103095.87850153388
53153,380783.5911083251
53154,56455.80021240519
53155,178727.41915897967
53156,87492.64002237139
53157,512138.2144751495
53158,49273.54277517831
53159,513472.4452199048
53160,88568.09788015432
53161,463927.1285592423
53162,524978.7325518371
53163,408448.5105854795
53164,74825.34951070539
53165,163964.90789189568
53166,512247.9452279466
53167,451822.88999370177
53168,85028.20539975473
53169,491979.04485302046
53170,502970.11901526427
53171,483861.10853836144
53172,563968.0333583839
53173,56627.327880307705
53174,65778.3306067108
53175,217697.68358934872
53176,430540.30115798087
53177,480912.14407037105
53178,486704.0360882249
53179,532084.5126642258
53180,79496.63825735034
53181,517785.4942509135
53182,451822.88999370177
53183,53151.855445375324
53184,56627.327880307705
53185,461959.45864784665
53186,517336.3071427763
53187,512247.9452279466
53188,532593.9059458792
53189,78763.71831493266
53190,539941.0248707812
53191,430540.30115798087
53192,571182.1535576539
53193,482716.93607496825
53194,512247.9452279466
53195,198879.98849019548
53196,462370.9753570361
53197,482716.93607496825
53198,49110.685156890075
53199,78299.73698463738
53200,545143.0249695482
53201,467539.13949070836
53202,84356.16269591088
53203,147591.94836622284
53204,500555.12100113777
53205,562833.5779239655
53206,512247.9452279466
53207,80421.33905970141
53208,498341.9287903943
53209,73668.22458707224
53210,462370.9753570361
53211,462224.8302336825
53212,469416.30194330064
53213,526236.0158641476
53214,560897.7429014475
53215,60612.261360392535
53216,314364.57609852264
53217,80127.77862611528
53218,539739.4187453174
53219,72770.05366687353
53220,154214.91408224948
53221,444834.88079793163
53222,49273.54277517831
53223,418969.23531193304
53224,557911.9419400329
53225,498984.3207976798
53226,524748.7730880767
53227,111769.98061312333
53228,416523.53460398415
53229,469273.98089435423
53230,522184.37244109623
53231,527743.5947405851
53232,202912.46838715364
53233,476601.4840909501
53234,573095.1730316436
53235,60848.20725948444
53236,87643.64667355975
53237,450513.9694366647
53238,545143.0249695482
53239,529909.9403648245
53240,451076.8165963958
53241,486373.387929943
53242,469416.30194330064
53243,512247.9452279466
53244,409592.6830488727
53245,539994.9811650976
53246,62501.6766093304
53247,394697.64422177547
53248,525598.3131704616
53249,94012.8690104712
53250,522571.0481150841
53251,519980.74502305867
53252,571438.2206890576
53253,573095.1730316436
53254,68201.99236461378
53255,558796.4717551668
53256,469484.88513057923
53257,81524.82956670328
53258,566688.1787131836
53259,409803.5872850977
53260,82665.93572911248
53261,471783.6407657977
53262,545785.4169768337
53263,526519.5863213217
53264,61501.57163869441
53265,207836.08227992686
53266,145561.95515954902
53267,146384.6741572933
53268,49273.54277517831
53269,208046.9865161519
53270,143016.7075791114
53271,473102.1189388021
53272,68505.56965041929
53273,521822.9175565476
53274,74284.06337307538
53275,475467.15185248305
53276,587055.2980657433
53277,230521.93167590708
53278,50120.61928383322
53279,440823.43773146713
53280,512247.9452279466
53281,545143.0249695482
53282,491979.04485302046
53283,512247.9452279466
53284,467610.63964592764
53285,59660.82337777883
53286,572219.7060781164
53287,63358.94979255044
53288,498984.3207976798
53289,565180.5998367461
53290,64468.81948098906
53291,473313.0231750271
53292,153583.8384356868
53293,469484.88513057923
53294,65961.20570122496
53295,512247.9452279466
53296,447830.00385561003
53297,235773.79279523983
53298,508468.64791058993
53299,132024.96657329216
53300,532084.5126642258
53301,267152.28050255927
53302,447830.00385561003
53303,357440.39118509315
53304,433013.36250281055
53305,553006.0359434306
53306,543841.0208493875
53307,65267.079122055045
53308,469484.88513057923
53309,545143.0249695482
53310,532084.5126642258
53311,405975.4492406498
53312,519887.08253402944
53313,512247.9452279466
53314,451611.98575747677
53315,516901.0121770535
53316,63182.379899888096
53317,450865.9123601708
53318,56627.327880307705
53319,473313.0231750271
53320,500794.83477271884
53321,573095.1730316436
53322,473102.1189388021
53323,80460.51434748196
53324,537286.5127629928
53325,518133.4840463105
53326,499352.15176313295
53327,473102.1189388021
53328,605842.3417315137
53329,452170.9217792508
53330,500794.83477271884
53331,543841.0208493875
53332,51123.458517453924
53333,451611.98575747677
53334,111758.92585669461
53335,134955.29974863646
53336,76263.15041256134
53337,117236.32276583606
53338,553600.0453501088
53339,508360.49675080844
53340,462370.9753570361
53341,62501.6766093304
53342,461976.1622851912
53343,572219.7060781164
53344,538857.5995716342
53345,545143.0249695482
53346,486704.0360882249
53347,405764.5450044248
53348,153220.27482678066
53349,65778.3306067108
53350,56455.80021240519
53351,560897.7429014475
53352,512247.9452279466
53353,217260.7612254913
53354,173030.7164564896
53355,547888.8147136766
53356,547581.1090219168
53357,471089.86938979884
53358,113165.88416310886
53359,451611.98575747677
53360,473102.1189388021
53361,71284.25863252854
53362,68201.99236461378
53363,512247.9452279466
53364,68742.55155698738
53365,94369.2043797623
53366,469484.88513057923
53367,508729.0054313635
53368,80624.82018372043
53369,560897.7429014475
53370,56627.327880307705
53371,565778.5473334233
53372,162594.71541417952
53373,472168.8507116339
53374,452170.9217792508
53375,512247.9452279466
53376,405975.4492406498
53377,518379.5036575918
53378,524978.7325518371
53379,422863.6506348434
53380,473313.0231750271
53381,480032.97049391357
53382,111758.92585669461
53383,500957.47716222116
53384,68928.88522414195
53385,63182.379899888096
53386,530427.5603216396
53387,416523.53460398415
53388,474985.0904729621
53389,500075.20401615533
53390,463927.1285592423
53391,519887.08253402944
53392,84438.03103100932
53393,405975.4492406498
53394,77880.31615043856
53395,544851.5771851169
53396,95554.70223238216
53397,469273.98089435423
53398,528175.0989611786
53399,49273.54277517831
53400,512247.9452279466
53401,512247.9452279466
53402,127954.18041218199
53403,469484.88513057923
53404,175932.8588630705
53405,513388.0393042512
53406,469273.98089435423
53407,512247.9452279466
53408,512247.9452279466
53409,471957.9464754089
53410,418969.23531193304
53411,476971.24208485486
53412,486373.387929943
53413,70669.66497810768
53414,49793.89033410835
53415,473313.0231750271
53416,545143.0249695482
53417,525598.3131704616
53418,571182.1535576539
53419,210520.04786098155
53420,63303.010998226004
53421,249615.36776028026
53422,512247.9452279466
53423,64726.51992968144
53424,509853.7808412798
53425,68742.55155698738
53426,469273.98089435423
53427,544851.5771851169
53428,208053.75551050063
53429,427814.5095436962
53430,499352.15176313295
53431,500583.93053649383
53432,422652.7463986184
53433,267152.28050255927
53434,55238.28800078861
53435,543841.0208493875
53436,483239.78846849804
53437,409803.5872850977
53438,479044.20248757367
53439,501206.1451107125
53440,451822.88999370177
53441,73363.05949817701
53442,467610.63964592764
53443,512599.205553408
53444,49793.89033410835
53445,49273.54277517831
53446,408448.5105854795
53447,545785.4169768337
53448,512412.5165180488
53449,469484.88513057923
53450,68998.85783286516
53451,66869.71202566137
53452,500794.83477271884
53453,60848.20725948444
53454,573095.1730316436
53455,567618.6838891146
53456,451822.88999370177
53457,67874.77526725373
53458,469273.98089435423
53459,560897.7429014475
53460,588535.1923034907
53461,496921.4732932773
53462,122625.62747909653
53463,68928.88522414195
53464,456475.9569428083
53465,512247.9452279466
53466,67464.95487255024
53467,49273.54277517831
53468,566688.1787131836
53469,336568.45354633883
53470,563581.7084825021
53471,63840.355808803426
53472,499352.15176313295
53473,572219.7060781164
53474,60848.20725948444
53475,416523.53460398415
53476,571310.0746983561
53477,212008.90010615854
53478,260985.0247443047
53479,156642.1311241352
53480,180542.99493636287
53481,141620.79052621493
53482,100713.12125398281
53483,519851.88778256805
53484,487785.9065849479
53485,491979.04485302046
53486,560897.7429014475
53487,154001.52702647305
53488,451822.88999370177
53489,480032.97049391357
53490,482689.87684325763
53491,519887.08253402944
53492,533738.0784092724
53493,544851.5771851169
53494,451822.88999370177
53495,518133.4840463105
53496,477862.01858180756
53497,523553.04993868305
53498,498341.9287903943
53499,64726.51992968144
53500,456475.9569428083
53501,64726.51992968144
53502,231372.6037528306
53503,464553.67731759173
53504,377310.98425786477
53505,469273.98089435423
53506,469484.88513057923
53507,451611.98575747677
53508,418969.23531193304
53509,229635.29088139127
53510,60678.98606500502
53511,444834.88079793163
53512,56627.327880307705
53513,547581.1090219168
53514,498341.9287903943
53515,229635.29088139127
53516,501896.58927609946
53517,506198.44099694956
53518,75432.36173176162
53519,539352.5891578121
53520,501896.58927609946
53521,568754.2551080029
53522,483861.10853836144
53523,456265.0527065833
53524,76574.45442566846
53525,212008.90010615854
53526,71384.3344293163
53527,500555.12100113777
53528,506198.44099694956
53529,63193.55361159757
53530,512247.9452279466
53531,167882.07003934318
53532,473313.0231750271
53533,514734.6665528141
53534,420351.672648432
53535,113376.78839933389
53536,471957.9464754089
53537,573095.1730316436
53538,418118.85389945214
53539,520445.8971892462
53540,469416.30194330064
53541,545143.0249695482
53542,49273.54277517831
53543,86604.44168083789
53544,523601.28311122634
53545,519887.08253402944
53546,221925.2457175995
53547,72899.20519074757
53548,68928.88522414195
53549,451611.98575747677
53550,506840.83300423506
53551,117198.18814598421
53552,409592.6830488727
53553,519887.08253402944
53554,143469.26056931948
53555,480032.97049391357
53556,211797.9958699335
53557,49793.89033410835
53558,60848.20725948444
53559,110852.85106481156
53560,64726.51992968144
53561,473313.0231750271
53562,498984.3207976798
53563,504238.6320878231
53564,568754.2551080029
53565,87201.79697785515
53566,512247.9452279466
53567,58968.69997184573
53568,517647.0855743594
53569,512247.9452279466
53570,451611.98575747677
53571,473102.1189388021
53572,207836.08227992686
53573,506878.1543462585
53574,69539.41702523877
53575,128932.05589125025
53576,554228.4308533475
53577,60848.20725948444
53578,451611.98575747677
53579,588535.1923034907
53580,89430.42600705741
53581,584851.6812168054
53582,464553.67731759173
53583,519887.08253402944
53584,59706.42931152303
53585,220702.46105276025
53586,165369.23245323973
53587,477862.01858180756
53588,62474.39568625489
53589,111758.92585669461
53590,521541.98043381074
53591,56627.327880307705
53592,566688.1787131836
53593,519887.08253402944
53594,506840.83300423506
53595,88424.79081751009
53596,96070.3662996182
53597,451822.88999370177
53598,80309.41963452073
53599,559390.4811618449
53600,456475.9569428083
53601,68201.99236461378
53602,474170.7517063782
53603,469484.88513057923
53604,237871.4474453385
53605,532084.5126642258
53606,520445.8971892462
53607,517336.3071427763
53608,156642.1311241352
53609,81120.64901647111
53610,409803.5872850977
53611,506878.1543462585
53612,498341.9287903943
53613,512247.9452279466
53614,495807.18289746833
53615,49273.54277517831
53616,506198.44099694956
53617,500583.93053649383
53618,571182.1535576539
53619,98024.59608228494
53620,532084.5126642258
53621,87643.64667355975
53622,451822.88999370177
53623,55715.429028464154
53624,86039.86645428491
53625,512247.9452279466
53626,79725.00542594005
53627,473313.0231750271
53628,525724.805949143
53629,573095.1730316436
53630,574837.4934019843
53631,498341.9287903943
53632,102696.55330694618
53633,422863.6506348434
53634,409803.5872850977
53635,528009.3417304263
53636,456475.9569428083
53637,473102.1189388021
53638,90980.58160102845
53639,45806.80781956408
53640,532084.5126642258
53641,68742.55155698738
53642,557027.4542954119
53643,544851.5771851169
53644,53151.855445375324
53645,164828.37147072755
53646,498341.9287903943
53647,512247.9452279466
53648,496655.42642770166
53649,499352.15176313295
53650,539941.0248707812
53651,92968.8475661632
53652,60848.20725948444
53653,63103.97014032822
53654,512247.9452279466
53655,103095.87850153388
53656,451822.88999370177
53657,430540.30115798087
53658,49273.54277517831
53659,506840.83300423506
53660,451611.98575747677
53661,525110.7282923644
53662,462370.9753570361
53663,498341.9287903943
53664,433411.7359981777
53665,568754.2551080029
53666,430329.39692175586
53667,506198.44099694956
53668,62698.444400078566
53669,545143.0249695482
53670,56627.327880307705
53671,52127.471437058986
53672,579718.3791135184
53673,452170.9217792508
53674,529909.9403648245
53675,65778.3306067108
53676,56443.168256096294
53677,68024.64261674274
53678,555745.326920232
53679,542423.3843263721
53680,74714.01940676058
53681,517336.3071427763
53682,72899.20519074757
53683,102928.99562423365
53684,195744.9512259455
53685,107152.63997972866
53686,451822.88999370177
53687,65692.53089550106
53688,254782.15633944407
53689,451611.98575747677
53690,71422.27197846866
53691,528175.0989611786
53692,499352.15176313295
53693,506198.44099694956
53694,64316.490825343404
53695,511501.8718306407
53696,227536.65703407748
53697,512247.9452279466
53698,63963.516390697885
53699,469484.88513057923
53700,584851.6812168054
53701,67282.67906929797
53702,126303.53982653598
53703,63303.010998226004
53704,501896.58927609946
53705,451822.88999370177
53706,504238.6320878231
53707,512247.9452279466
53708,506198.44099694956
53709,480032.97049391357
53710,519887.08253402944
53711,512247.9452279466
53712,451611.98575747677
53713,216099.90229686315
53714,141275.87639466033
53715,439973.49164905463
53716,483239.78846849804
53717,529909.9403648245
53718,452170.9217792508
53719,59088.07599043703
53720,457497.5245758406
53721,539244.9440519185
53722,49273.54277517831
53723,109772.04140156126
53724,77454.70084311864
53725,571182.1535576539
53726,106685.76966749276
53727,451822.88999370177
53728,533738.0784092724
53729,491979.04485302046
53730,310478.7453164433
53731,92676.31005715691
53732,110381.80988039591
53733,87564.3456863145
53734,473313.0231750271
53735,180027.93446423564
53736,512247.9452279466
53737,107862.28710298608
53738,480912.14407037105
53739,59657.772025724946
53740,521973.4682048713
53741,98638.68904390321
53742,473313.0231750271
53743,451611.98575747677
53744,526730.4905575466
53745,571182.1535576539
53746,236583.27839875306
53747,451611.98575747677
53748,104498.23480705541
53749,73564.29307481207
53750,54684.8877489593
53751,56627.327880307705
53752,121366.08622759386
53753,471089.86938979884
53754,193739.1960990829
53755,592727.3073012893
53756,49793.89033410835
53757,486493.1318519999
53758,500555.12100113777
53759,82412.78379266328
53760,417320.4687339849
53761,529909.9403648245
53762,512589.3849826907
53763,72541.19392382217
53764,405764.5450044248
53765,508813.98936877673
53766,518133.4840463105
53767,521541.98043381074
53768,52127.471437058986
53769,109566.15208056087
53770,517785.4942509135
53771,500555.12100113777
53772,56627.327880307705
53773,236853.49640041078
53774,72899.20519074757
53775,451822.88999370177
53776,75228.79725972748
53777,287349.71981834195
53778,469484.88513057923
53779,402542.2306026668
53780,512247.9452279466
53781,75103.73912586014
53782,532593.9059458792
53783,68201.99236461378
53784,471957.9464754089
53785,539352.5891578121
53786,529909.9403648245
53787,92061.1517403731
53788,159835.8609223572
53789,545143.0249695482
53790,87831.91635297397
53791,512247.9452279466
53792,60848.20725948444
53793,545822.7383188573
53794,498984.3207976798
53795,491072.76260588417
53796,56627.327880307705
53797,477862.01858180756
53798,63303.010998226004
53799,505003.72265279153
53800,450865.9123601708
53801,475467.15185248305
53802,495524.0137186851
53803,65684.12728350761
53804,571861.8669069629
53805,573095.1730316436
53806,68201.99236461378
53807,463927.1285592423
53808,512247.9452279466
53809,469484.88513057923
53810,512247.9452279466
53811,541579.5553010087
53812,56627.327880307705
53813,451611.98575747677
53814,162602.2427211284
53815,539739.4187453174
53816,468981.1655505237
53817,491979.04485302046
53818,264783.5607399773
53819,451611.98575747677
53820,164761.9617996496
53821,64556.689077603376
53822,64726.51992968144
53823,571824.5455649394
53824,539352.5891578121
53825,155955.53840376725
53826,532084.5126642258
53827,560897.7429014475
53828,477115.9451845016
53829,590629.5238835681
53830,447830.00385561003
53831,539941.0248707812
53832,293617.0567169185
53833,144948.11391751844
53834,512247.9452279466
53835,584851.6812168054
53836,60848.20725948444
53837,261509.38741086033
53838,451822.88999370177
53839,491979.04485302046
53840,108375.99663429118
53841,56627.327880307705
53842,452170.9217792508
53843,547888.8147136766
53844,217260.7612254913
53845,87564.3456863145
53846,105557.77155255788
53847,506878.1543462585
53848,504144.81179087784
53849,286461.86241946305
53850,560897.7429014475
53851,422680.31798713177
53852,545143.0249695482
53853,82665.93572911248
53854,553679.2505254127
53855,467610.63964592764
53856,477115.9451845016
53857,486493.1318519999
53858,56627.327880307705
53859,68731.20914114606
53860,506920.68167331297
53861,113165.88416310886
53862,573095.1730316436
53863,451076.8165963958
53864,50986.80410597692
53865,60848.20725948444
53866,471783.6407657977
53867,475467.15185248305
53868,511501.8718306407
53869,473102.1189388021
53870,60848.20725948444
53871,469484.88513057923
53872,123314.88315521003
53873,529909.9403648245
53874,405764.5450044248
53875,148206.89169569343
53876,512247.9452279466
53877,63303.010998226004
53878,82665.93572911248
53879,483239.78846849804
53880,469273.98089435423
53881,232198.26451900954
53882,457497.5245758406
53883,73481.14300401145
53884,450865.9123601708
53885,532084.5126642258
53886,145783.60709802195
53887,418969.23531193304
53888,83035.74226024079
53889,539941.0248707812
53890,69469.44441651556
53891,553600.0453501088
53892,60848.20725948444
53893,476601.4840909501
53894,83981.45573310116
53895,106187.30481461324
53896,500555.12100113777
53897,538857.5995716342
53898,144436.31055086548
53899,72596.10120889259
53900,512412.5165180488
53901,512247.9452279466
53902,56627.327880307705
53903,547888.8147136766
53904,473102.1189388021
53905,417531.3729702099
53906,70689.98171518037
53907,574581.4672007225
53908,207717.692218284
53909,545785.4169768337
53910,463927.1285592423
53911,544851.5771851169
53912,69797.6319173261
53913,471783.6407657977
53914,471783.6407657977
53915,86343.23609407264
53916,56627.327880307705
53917,118093.22985432326
53918,50806.57507876228
53919,516901.0121770535
53920,68661.27266686913
53921,527743.5947405851
53922,59837.04316299609
53923,461334.2882001544
53924,480912.14407037105
53925,471957.9464754089
53926,92674.32876143297
53927,494663.01043407514
53928,572399.0922127808
53929,573095.1730316436
53930,513652.79605609097
53931,539739.4187453174
53932,519887.08253402944
53933,65684.12728350761
53934,68201.99236461378
53935,491979.04485302046
53936,498341.9287903943
53937,56627.327880307705
53938,98192.2168957857
53939,53316.57967884271
53940,163903.01231460352
53941,402542.2306026668
53942,67003.51250497799
53943,61678.03143730096
53944,433078.6740179401
53945,468285.2128880143
53946,511501.8718306407
53947,262854.489220518
53948,51473.94112136925
53949,65778.3306067108
53950,60661.78494532998
53951,59531.54761339959
53952,62129.00616369504
53953,97745.48575247041
53954,545270.9461102502
53955,500555.12100113777
53956,178638.9278155599
53957,58172.45144892605
53958,500957.47716222116
53959,512247.9452279466
53960,451217.17268563184
53961,580951.6852381991
53962,451822.88999370177
53963,167882.07003934318
53964,98068.04986934086
53965,68301.45069914132
53966,539941.0248707812
53967,93856.75137455932
53968,496604.2899708169
53969,532593.9059458792
53970,417622.4877864456
53971,547851.493371653
53972,565778.5473334233
53973,506840.83300423506
53974,161329.3088062503
53975,122256.06146108867
53976,513599.23452675034
53977,111546.60691954526
53978,469273.98089435423
53979,571310.0746983561
53980,587659.7253499635
53981,471957.9464754089
53982,49273.54277517831
53983,461959.45864784665
53984,74551.17432615407
53985,63303.010998226004
53986,559390.4811618449
53987,76263.15041256134
53988,555745.326920232
53989,469273.98089435423
53990,420351.672648432
53991,68201.99236461378
53992,62698.444400078566
53993,471783.6407657977
53994,422652.7463986184
53995,56112.95071327477
53996,156642.1311241352
53997,404562.4244366999
53998,416523.53460398415
53999,58005.015195288834
54000,512247.9452279466
54001,456265.0527065833
54002,452170.9217792508
54003,62663.02147549741
54004,469416.30194330064
54005,451611.98575747677
54006,61388.76645185804
54007,553006.0359434306
54008,75766.34361423115
54009,563325.6413510984
54010,469273.98089435423
54011,527743.5947405851
54012,573095.1730316436
54013,452174.1503191628
54014,243445.90492715017
54015,529909.9403648245
54016,558796.1546183318
54017,56242.30092039367
54018,513966.4053499921
54019,145788.98750847965
54020,451822.88999370177
54021,147054.2986614386
54022,450865.9123601708
54023,528221.379938537
54024,77946.26655306086
54025,232198.26451900954
54026,542423.3843263721
54027,503478.8003537735
54028,67597.42576646636
54029,61900.34043649163
54030,63303.010998226004
54031,48789.87741450328
54032,51123.458517453924
54033,483861.10853836144
54034,558831.6665066282
54035,153220.27482678066
54036,452170.9217792508
54037,450865.9123601708
54038,56627.327880307705
54039,532084.5126642258
54040,208046.9865161519
54041,486493.1318519999
54042,195744.92132837206
54043,512992.264902915
54044,180887.3341711534
54045,547209.1013643675
54046,70689.98171518037
54047,573095.1730316436
54048,82566.09528118193
54049,50120.61928383322
54050,509062.6573172681
54051,280394.4693785243
54052,439973.49164905463
54053,68684.52624167435
54054,512247.9452279466
54055,545143.0249695482
54056,463927.1285592423
54057,56455.80021240519
54058,450865.9123601708
54059,56627.327880307705
54060,63963.516390697885
54061,512247.9452279466
54062,72533.07456076705
54063,419180.13954815804
54064,175721.95462684546
54065,495524.0137186851
54066,512247.9452279466
54067,571438.2206890576
54068,471783.6407657977
54069,70743.69944015493
54070,574837.4934019843
54071,516297.2339363733
54072,531514.9246240442
54073,65933.75866872942
54074,451611.98575747677
54075,541622.7960714524
54076,527743.5947405851
54077,523563.5193989599
54078,49273.54277517831
54079,539739.4187453174
54080,457011.12610388926
54081,473102.1189388021
54082,472168.8507116339
54083,244521.82365794768
54084,83035.74226024079
54085,60848.20725948444
54086,513388.0393042512
54087,174172.390009952
54088,480032.97049391357
54089,539994.9811650976
54090,530427.5603216396
54091,498984.3207976798
54092,553679.2505254127
54093,561234.5558075353
54094,512247.9452279466
54095,175932.8588630705
54096,94001.81425404249
54097,517418.63213386876
54098,193920.6316106822
54099,69294.58123194118
54100,545785.4169768337
54101,55715.429028464154
54102,512247.9452279466
54103,63203.580667871014
54104,67951.53059236139
54105,541968.1375296392
54106,557027.4542954119
54107,539941.0248707812
54108,469484.88513057923
54109,543841.0208493875
54110,49273.54277517831
54111,547851.493371653
54112,55547.052260899
54113,457497.5245758406
54114,369794.70008012047
54115,529909.9403648245
54116,545270.9461102502
54117,67464.95487255024
54118,68201.99236461378
54119,583976.2142632782
54120,95723.95880070544
54121,480032.97049391357
54122,525925.5769146435
54123,175721.95462684546
54124,68324.3186259945
54125,473102.1189388021
54126,67568.58233370939
54127,93541.98441717273
54128,506878.1543462585
54129,80665.67158165343
54130,571310.0746983561
54131,451822.88999370177
54132,451611.98575747677
54133,545785.4169768337
54134,108531.00906680991
54135,70973.7928791027
54136,480032.97049391357
54137,547888.8147136766
54138,473102.1189388021
54139,123314.88315521003
54140,527743.5947405851
54141,63007.02004833195
54142,154701.68205243425
54143,491979.04485302046
54144,49793.89033410835
54145,521331.0761975858
54146,539941.0248707812
54147,77458.80934337029
54148,213298.84763548465
54149,456265.0527065833
54150,469273.98089435423
54151,87643.64667355975
54152,547209.1013643675
54153,171086.67846376234
54154,96070.3662996182
54155,469273.98089435423
54156,451676.7448703482
54157,512247.9452279466
54158,498341.9287903943
54159,74131.62614774748
54160,513388.0393042512
54161,264783.5607399773
54162,487785.9065849479
54163,418969.23531193304
54164,547524.5319360729
54165,545785.4169768337
54166,79581.56385526757
54167,68201.99236461378
54168,568754.2551080029
54169,588535.1923034907
54170,128259.09107446633
54171,70687.7305870912
54172,59706.42931152303
54173,451611.98575747677
54174,512095.1442943785
54175,512247.9452279466
54176,56455.80021240519
54177,545270.9461102502
54178,553679.2505254127
54179,62663.02147549741
54180,49793.89033410835
54181,155536.41711260192
54182,427631.90990323335
54183,64011.61254025159
54184,62663.02147549741
54185,529909.9403648245
54186,491979.04485302046
54187,139669.02917811417
54188,68201.99236461378
54189,412878.3060211034
54190,519887.08253402944
54191,539941.0248707812
54192,498341.9287903943
54193,50322.90971808725
54194,163724.7844421564
54195,418969.23531193304
54196,469484.88513057923
54197,512247.9452279466
54198,62674.284134944945
54199,138915.3358153318
54200,55451.78729280016
54201,513388.0393042512
54202,104293.06594400339
54203,409435.9549276237
54204,472883.34841702343
54205,74296.61044255833
54206,439973.49164905463
54207,60848.20725948444
54208,473102.1189388021
54209,58165.76953048297
54210,543841.0208493875
54211,491979.04485302046
54212,50705.78918595187
54213,49793.89033410835
54214,512247.9452279466
54215,60848.20725948444
54216,512247.9452279466
54217,450865.9123601708
54218,451822.88999370177
54219,451822.88999370177
54220,529909.9403648245
54221,52127.471437058986
54222,521541.98043381074
54223,486493.1318519999
54224,217049.85698926626
54225,239345.03493864232
54226,482386.4922249876
54227,451611.98575747677
54228,528921.1723584845
54229,92676.31005715691
54230,132423.384634214
54231,74131.62614774748
54232,528815.9846567662
54233,547888.8147136766
54234,506878.1543462585
54235,529909.9403648245
54236,519887.08253402944
54237,214692.86568721323
54238,49793.89033410835
54239,65232.96691173817
54240,405764.5450044248
54241,573095.1730316436
54242,450865.9123601708
54243,462370.9753570361
54244,451611.98575747677
54245,69294.58123194118
54246,52303.09176050514
54247,506198.44099694956
54248,111802.94721561944
54249,56627.327880307705
54250,532084.5126642258
54251,469273.98089435423
54252,592727.3073012893
54253,451611.98575747677
54254,451428.07692185685
54255,74131.62614774748
54256,56455.80021240519
54257,417531.3729702099
54258,99451.82006792794
54259,566688.1787131836
54260,547209.1013643675
54261,452170.9217792508
54262,490387.54717491026
54263,513966.4053499921
54264,506878.1543462585
54265,53151.855445375324
54266,60848.20725948444
54267,491979.04485302046
54268,405975.4492406498
54269,512247.9452279466
54270,451076.8165963958
54271,463927.1285592423
54272,547851.493371653
54273,547888.8147136766
54274,527743.5947405851
54275,469273.98089435423
54276,473102.1189388021
54277,528796.5669523661
54278,451611.98575747677
54279,74526.99281249459
54280,519887.08253402944
54281,545143.0249695482
54282,483028.88423227303
54283,63963.516390697885
54284,61473.159525189454
54285,486704.0360882249
54286,272573.4439207768
54287,461624.90195973014
54288,552175.6097389742
54289,539352.5891578121
54290,528921.1723584845
54291,451676.7448703482
54292,506878.1543462585
54293,451822.88999370177
54294,82566.09528118193
54295,60848.20725948444
54296,560710.9653820973
54297,314364.57609852264
54298,560897.7429014475
54299,514734.6665528141
54300,49793.89033410835
54301,113467.01456988357
54302,569372.1442942383
54303,275429.6867312619
54304,169651.17606064896
54305,545060.0418740252
54306,469273.98089435423
54307,451822.88999370177
54308,70437.51662813897
54309,495524.0137186851
54310,462370.9753570361
54311,68201.99236461378
54312,532084.5126642258
54313,71676.97404278979
54314,117714.20807697732
54315,560897.7429014475
54316,451611.98575747677
54317,473313.0231750271
54318,68864.87781836811
54319,539528.5145090924
54320,517336.3071427763
54321,573095.1730316436
54322,588535.1923034907
54323,512247.9452279466
54324,416523.53460398415
54325,544851.5771851169
54326,232198.26451900954
54327,48789.87741450328
54328,545060.0418740252
54329,447830.00385561003
54330,463927.1285592423
54331,61388.76645185804
54332,451822.88999370177
54333,519887.08253402944
54334,610015.3428513838
54335,545143.0249695482
54336,84496.15490474337
54337,563581.7084825021
54338,529909.9403648245
54339,61189.72559396027
54340,61678.03143730096
54341,560897.7429014475
54342,519887.08253402944
54343,547524.5319360729
54344,123314.88315521003
54345,63303.010998226004
54346,532084.5126642258
54347,451822.88999370177
54348,520445.8971892462
54349,91408.30567879263
54350,462370.9753570361
54351,63182.379899888096
54352,175424.82744164224
54353,539994.9811650976
54354,527234.0445199849
54355,506840.83300423506
54356,451611.98575747677
54357,544851.5771851169
54358,548223.5010292022
54359,93185.85970398501
54360,77058.19651046036
54361,504333.3537480478
54362,545785.4169768337
54363,234775.76359272978
54364,486493.1318519999
54365,539739.4187453174
54366,117198.18814598421
54367,471957.9464754089
54368,469484.88513057923
54369,547758.5733413753
54370,522184.37244109623
54371,60848.20725948444
54372,532084.5126642258
54373,257840.02132498455
54374,512247.9452279466
54375,419180.13954815804
54376,545270.9461102502
54377,553085.2411187346
54378,65030.484751379925
54379,142805.80334288636
54380,512247.9452279466
54381,499352.15176313295
54382,519887.08253402944
54383,85009.30413340281
54384,314364.57609852264
54385,532593.9059458792
54386,473102.1189388021
54387,476601.4840909501
54388,232198.26451900954
54389,54467.70385938868
54390,405764.5450044248
54391,405764.5450044248
54392,72835.19778497376
54393,506840.83300423506
54394,544851.5771851169
54395,450865.9123601708
54396,58160.36018389169
54397,60243.640661337005
54398,451076.8165963958
54399,76074.88097391055
54400,522571.0481150841
54401,226141.6201351415
54402,447830.00385561003
54403,512247.9452279466
54404,573095.1730316436
54405,555381.0441426283
54406,547524.5319360729
54407,53151.855445375324
54408,94678.94934047788
54409,469416.30194330064
54410,78204.88274067624
54411,64603.016799399484
54412,469273.98089435423
54413,470343.7959924929
54414,572219.7060781164
54415,50120.61928383322
54416,469484.88513057923
54417,66948.7741682717
54418,469273.98089435423
54419,450865.9123601708
54420,196488.0496507355
54421,506198.44099694956
54422,545143.0249695482
54423,229690.12369986047
54424,72016.53677057609
54425,473102.1189388021
54426,524748.7730880767
54427,456475.9569428083
54428,270671.96220642136
54429,451611.98575747677
54430,272573.4439207768
54431,451822.88999370177
54432,514734.6665528141
54433,496921.4732932773
54434,49273.54277517831
54435,469273.98089435423
54436,405975.4492406498
54437,539941.0248707812
54438,469273.98089435423
54439,451822.88999370177
54440,473102.1189388021
54441,526730.4905575466
54442,473102.1189388021
54443,456475.9569428083
54444,469416.30194330064
54445,245398.91821049733
54446,475847.83607823204
54447,68864.87781836811
54448,451611.98575747677
54449,512247.9452279466
54450,98235.50031850995
54451,467610.63964592764
54452,64726.51992968144
54453,253472.0807297699
54454,50986.80410597692
54455,544851.5771851169
54456,573095.1730316436
54457,486704.0360882249
54458,49273.54277517831
54459,56627.327880307705
54460,490387.54717491026
54461,72417.01242210114
54462,487785.9065849479
54463,519887.08253402944
54464,447830.00385561003
54465,513177.1350680264
54466,451611.98575747677
54467,512247.9452279466
54468,495524.0137186851
54469,530427.5603216396
54470,469484.88513057923
54471,518133.4840463105
54472,498341.9287903943
54473,467024.0423061426
54474,451611.98575747677
54475,469484.88513057923
54476,451076.8165963958
54477,451611.98575747677
54478,506920.68167331297
54479,63207.67157048968
54480,532084.5126642258
54481,462370.9753570361
54482,412667.4017848784
54483,505615.93301334954
54484,451611.98575747677
54485,189061.05982166436
54486,520445.8971892462
54487,469484.88513057923
54488,512247.9452279466
54489,66285.8821705006
54490,61753.62416918912
54491,68281.30998708011
54492,516901.0121770535
54493,506198.44099694956
54494,52127.471437058986
54495,60848.20725948444
54496,63358.94979255044
54497,496604.2899708169
54498,282393.2741798004
54499,475847.83607823204
54500,451611.98575747677
54501,422652.7463986184
54502,498984.3207976798
54503,529909.9403648245
54504,175932.8588630705
54505,463927.1285592423
54506,433411.7359981777
54507,519887.08253402944
54508,500794.83477271884
54509,166042.1182016149
54510,64468.81948098906
54511,451822.88999370177
54512,527743.5947405851
54513,120812.51745755365
54514,103596.4159166612
54515,61388.76645185804
54516,469484.88513057923
54517,518133.4840463105
54518,107472.80419237299
54519,480032.97049391357
54520,462370.9753570361
54521,550073.317684686
54522,87564.3456863145
54523,440836.60021074157
54524,156642.1311241352
54525,511501.8718306407
54526,54998.23599548888
54527,469484.88513057923
54528,512247.9452279466
54529,539941.0248707812
54530,532084.5126642258
54531,484457.9962975055
54532,524862.0603438731
54533,480032.97049391357
54534,462370.9753570361
54535,486493.1318519999
54536,93515.44862475322
54537,206564.06366647256
54538,541579.5553010087
54539,56627.327880307705
54540,508219.9799620986
54541,194179.05192136564
54542,56679.30008708456
54543,566688.1787131836
54544,405764.5450044248
54545,113060.88238533409
54546,85407.19105045848
54547,423354.30523257365
54548,473102.1189388021
54549,68201.99236461378
54550,71207.64008383665
54551,524704.4973298121
54552,68928.88522414195
54553,451611.98575747677
54554,80665.67158165343
54555,469484.88513057923
54556,512247.9452279466
54557,462370.9753570361
54558,512247.9452279466
54559,101089.68779238306
54560,464474.76882189413
54561,476601.4840909501
54562,73821.7079013573
54563,584851.6812168054
54564,498341.9287903943
54565,506878.1543462585
54566,180286.44273313705
54567,539941.0248707812
54568,505615.93301334954
54569,512247.9452279466
54570,418969.23531193304
54571,512247.9452279466
54572,477862.01858180756
54573,491979.04485302046
54574,496655.42642770166
54575,473313.0231750271
54576,512247.9452279466
54577,78989.45098894328
54578,64584.22707226447
54579,583066.5828835178
54580,470852.1803505905
54581,91850.24750414806
54582,357440.39118509315
54583,476971.24208485486
54584,563581.7084825021
54585,553679.2505254127
54586,463927.1285592423
54587,545785.4169768337
54588,498341.9287903943
54589,451822.88999370177
54590,545143.0249695482
54591,512247.9452279466
54592,82665.93572911248
54593,463927.1285592423
54594,573095.1730316436
54595,511501.8718306407
54596,477862.01858180756
54597,472168.8507116339
54598,483352.7241802638
54599,512142.6983375736
54600,584870.7950947338
54601,185759.48566750015
54602,49273.54277517831
54603,208046.9865161519
54604,471957.9464754089
54605,451076.8165963958
54606,584851.6812168054
54607,145788.98750847965
54608,68201.99236461378
54609,473102.1189388021
54610,498341.9287903943
54611,70525.83519248998
54612,408659.4148217045
54613,539427.167892357
54614,116497.58672667714
54615,63303.010998226004
54616,529909.9403648245
54617,461959.45864784665
54618,573095.1730316436
54619,60848.20725948444
54620,457011.12610388926
54621,85164.57435132221
54622,102891.07018566536
54623,69469.44441651556
54624,539941.0248707812
54625,49793.89033410835
54626,467539.13949070836
54627,545060.0418740252
54628,560897.7429014475
54629,128233.63218726142
54630,70743.69944015493
54631,529909.9403648245
54632,526519.5863213217
54633,529909.9403648245
54634,545785.4169768337
54635,544851.5771851169
54636,49793.89033410835
54637,49273.54277517831
54638,52652.88964337572
54639,208046.9865161519
54640,553600.0453501088
54641,553600.0453501088
54642,451611.98575747677
54643,68201.99236461378
54644,512247.9452279466
54645,450865.9123601708
54646,490387.54717491026
54647,469484.88513057923
54648,532084.5126642258
54649,533738.0784092724
54650,154317.76534765272
54651,66297.0974936485
54652,167882.07003934318
54653,506840.83300423506
54654,62501.6766093304
54655,83713.92715212716
54656,64335.9528689913
54657,50806.57507876228
54658,100713.12125398281
54659,51728.34651391989
54660,519887.08253402944
54661,465299.7507148977
54662,517336.3071427763
54663,451611.98575747677
54664,467024.0423061426
54665,592727.3073012893
54666,467770.1157034486
54667,72368.0373283597
54668,275452.25379350904
54669,519887.08253402944
54670,124862.67939090187
54671,422863.6506348434
54672,95944.76089951131
54673,555381.0441426283
54674,86248.41276448838
54675,545785.4169768337
54676,519887.08253402944
54677,549824.6497361946
54678,60848.20725948444
54679,423426.39138443774
54680,94036.76367027992
54681,65008.36782761057
54682,149951.08228362032
54683,463927.1285592423
54684,512247.9452279466
54685,442657.4572301093
54686,487575.00234872295
54687,49793.89033410835
54688,547758.5733413753
54689,530427.5603216396
54690,83193.52980618253
54691,68926.40296484633
54692,68201.99236461378
54693,283368.99023762386
54694,78744.28629412994
54695,115264.71354725001
54696,483239.78846849804
54697,584870.7950947338
54698,61678.03143730096
54699,500794.83477271884
54700,456475.9569428083
54701,105867.04272286833
54702,136318.97409608457
54703,516901.0121770535
54704,545143.0249695482
54705,63303.010998226004
54706,58994.15105179629
54707,525598.3131704616
54708,574581.4672007225
54709,568754.2551080029
54710,513288.80345653504
54711,499352.15176313295
54712,529909.9403648245
54713,77378.51506535112
54714,60848.20725948444
54715,123275.82190257024
54716,233892.0402283972
54717,60915.69913470193
54718,506840.83300423506
54719,451611.98575747677
54720,60074.41946685757
54721,107472.80419237299
54722,545143.0249695482
54723,63303.010998226004
54724,587659.7253499635
54725,194857.80454262006
54726,553600.0453501088
54727,522571.0481150841
54728,56627.327880307705
54729,469484.88513057923
54730,62263.52724100732
54731,483239.78846849804
54732,217120.78874345866
54733,106959.65274380018
54734,451611.98575747677
54735,120175.4990741166
54736,532593.9059458792
54737,544851.5771851169
54738,555225.7336659015
54739,130672.88513522419
54740,236069.59535395866
54741,405975.4492406498
54742,121023.42169377868
54743,59378.95416735387
54744,451611.98575747677
54745,473313.0231750271
54746,55072.9853991485
54747,87049.22607065126
54748,568754.2551080029
54749,476601.4840909501
54750,215572.72954305995
54751,456265.0527065833
54752,512589.3849826907
54753,405764.5450044248
54754,74296.61044255833
54755,214692.86568721323
54756,456265.0527065833
54757,573095.1730316436
54758,450865.9123601708
54759,560500.0611458723
54760,482478.9726070326
54761,519887.08253402944
54762,56627.327880307705
54763,163891.54733281306
54764,498984.3207976798
54765,54479.97280096604
54766,211189.37316258455
54767,128336.37295388714
54768,498341.9287903943
54769,469484.88513057923
54770,516901.0121770535
54771,49273.54277517831
54772,55038.14505858398
54773,483141.8199440388
54774,486704.0360882249
54775,525642.0064574693
54776,500363.46775554307
54777,112109.34509194962
54778,530427.5603216396
54779,51728.34651391989
54780,72788.6070951157
54781,77320.7773626745
54782,99996.71621461645
54783,260985.0247443047
54784,553679.2505254127
54785,527743.5947405851
54786,527743.5947405851
54787,532084.5126642258
54788,220702.46105276025
54789,471957.9464754089
54790,74131.62614774748
54791,469273.98089435423
54792,498341.9287903943
54793,548798.3648138784
54794,451822.88999370177
54795,547888.8147136766
54796,417320.4687339849
54797,525110.7282923644
54798,518021.5225737501
54799,486704.0360882249
54800,529909.9403648245
54801,520705.488154805
54802,409592.6830488727
54803,451611.98575747677
54804,532084.5126642258
54805,68742.55155698738
54806,173030.7164564896
54807,64726.51992968144
54808,49793.89033410835
54809,161690.75189478867
54810,451822.88999370177
54811,585429.6097499506
54812,467610.63964592764
54813,571182.1535576539
54814,440836.60021074157
54815,49273.54277517831
54816,132640.48456714905
54817,62501.6766093304
54818,573095.1730316436
54819,75495.9282690843
54820,592727.3073012893
54821,571824.5455649394
54822,100713.12125398281
54823,430329.39692175586
54824,476601.4840909501
54825,486493.1318519999
54826,511501.8718306407
54827,63963.516390697885
54828,66053.32360771183
54829,574581.4672007225
54830,94352.23348929748
54831,451822.88999370177
54832,480032.97049391357
54833,451822.88999370177
54834,500555.12100113777
54835,529909.9403648245
54836,503267.8961175485
54837,64588.46865640287
54838,592727.3073012893
54839,73363.05949817701
54840,60848.20725948444
54841,560897.7429014475
54842,113462.4427750351
54843,432867.7697817151
54844,61189.72559396027
54845,58160.36018389169
54846,499049.0274922214
54847,60848.20725948444
54848,514734.6665528141
54849,573095.1730316436
54850,471957.9464754089
54851,463927.1285592423
54852,457011.12610388926
54853,451822.88999370177
54854,529909.9403648245
54855,571824.5455649394
54856,68731.20914114606
54857,563968.0333583839
54858,65977.01778879935
54859,461959.45864784665
54860,506920.68167331297
54861,80565.43980577664
54862,64840.43032828439
54863,85783.31803867935
54864,469484.88513057923
54865,451611.98575747677
54866,451822.88999370177
54867,537286.5127629928
54868,419180.13954815804
54869,469484.88513057923
54870,450865.9123601708
54871,123275.82190257024
54872,584851.6812168054
54873,482597.3964612126
54874,583976.2142632782
54875,488798.91422114626
54876,70396.0209068334
54877,498341.9287903943
54878,547524.5319360729
54879,61826.617408498954
54880,78028.95845144826
54881,451611.98575747677
54882,106077.94695909336
54883,512247.9452279466
54884,491979.04485302046
54885,452422.81826765416
54886,555745.326920232
54887,103095.87850153388
54888,466213.91627907415
54889,177978.03862722949
54890,68742.55155698738
54891,74269.8493086773
54892,471957.9464754089
54893,457497.5245758406
54894,461624.90195973014
54895,451611.98575747677
54896,529909.9403648245
54897,469273.98089435423
54898,512247.9452279466
54899,469273.98089435423
54900,528175.0989611786
54901,573095.1730316436
54902,100713.12125398281
54903,545270.9461102502
54904,571824.5455649394
54905,451963.2460829378
54906,456265.0527065833
54907,596391.7045100462
54908,584851.6812168054
54909,469484.88513057923
54910,59723.777180346835
54911,488798.91422114626
54912,547888.8147136766
54913,491979.04485302046
54914,469484.88513057923
54915,149621.51587218547
54916,417320.4687339849
54917,491979.04485302046
54918,49793.89033410835
54919,500555.12100113777
54920,433013.36250281055
54921,48789.87741450328
54922,456265.0527065833
54923,110070.26253214157
54924,439973.49164905463
54925,548223.5010292022
54926,94868.11919195547
54927,543841.0208493875
54928,143438.62608911406
54929,469273.98089435423
54930,66379.98927952742
54931,420881.24388774397
54932,431188.3077836695
54933,528432.2841747621
54934,469273.98089435423
54935,217837.15768923404
54936,571182.1535576539
54937,469273.98089435423
54938,62501.6766093304
54939,532593.9059458792
54940,486162.483693718
54941,69553.83748984696
54942,573095.1730316436
54943,467539.13949070836
54944,500555.12100113777
54945,547413.2318831886
54946,571824.5455649394
54947,112265.88586565127
54948,506840.83300423506
54949,572219.7060781164
54950,512589.3849826907
54951,580951.6852381991
54952,81899.15041648476
54953,506198.44099694956
54954,512247.9452279466
54955,529909.9403648245
54956,571438.2206890576
54957,161690.75189478867
54958,579718.3791135184
54959,457878.9943235442
54960,451611.98575747677
54961,68324.3186259945
54962,587659.7253499635
54963,164734.02075056738
54964,519887.08253402944
54965,208046.9865161519
54966,469484.88513057923
54967,486493.1318519999
54968,51728.34651391989
54969,451611.98575747677
54970,72641.2109657007
54971,546626.5933807674
54972,451611.98575747677
54973,586750.0939702032
54974,506840.83300423506
54975,74071.2677368843
54976,547524.5319360729
54977,70743.69944015493
54978,553679.2505254127
54979,452174.1503191628
54980,524406.1967541295
54981,129940.44076067641
54982,469273.98089435423
54983,529909.9403648245
54984,512247.9452279466
54985,580951.6852381991
54986,65416.26856174416
54987,86235.03059382929
54988,49273.54277517831
54989,512247.9452279466
54990,102524.33032323165
54991,405975.4492406498
54992,465088.8464786727
54993,77795.35195958958
54994,424409.5955014753
54995,104186.9307939483
54996,79480.5474560591
54997,113710.21345766212
54998,525724.805949143
54999,469273.98089435423
55000,588535.1923034907
55001,584851.6812168054
55002,539941.0248707812
55003,75295.95722002443
55004,506198.44099694956
55005,277864.1567678285
55006,491979.04485302046
55007,506840.83300423506
55008,565778.5473334233
55009,140321.3557831204
55010,495524.0137186851
55011,527743.5947405851
55012,544851.5771851169
55013,61388.76645185804
55014,519887.08253402944
55015,467610.63964592764
55016,451822.88999370177
55017,473313.0231750271
55018,114684.47670513426
55019,486373.387929943
55020,405764.5450044248
55021,49273.54277517831
55022,545785.4169768337
55023,573095.1730316436
55024,528921.1723584845
55025,49273.54277517831
55026,482689.87684325763
55027,521541.98043381074
55028,532084.5126642258
55029,68201.99236461378
55030,555151.3175135539
55031,56627.327880307705
55032,494663.01043407514
55033,121228.38142091138
55034,506878.1543462585
55035,412667.4017848784
55036,70023.26934527408
55037,472168.8507116339
55038,98496.60696021312
55039,56627.327880307705
55040,63193.55361159757
55041,70684.98796508936
55042,409592.6830488727
55043,58173.397007939064
55044,451611.98575747677
55045,65961.20570122496
55046,220702.46105276025
55047,574581.4672007225
55048,528921.1723584845
55049,451611.98575747677
55050,208840.84713392815
55051,555381.0441426283
55052,65778.3306067108
55053,59378.95416735387
55054,474381.6559426032
55055,451822.88999370177
55056,532084.5126642258
55057,106356.72799170345
55058,51728.34651391989
55059,64726.51992968144
55060,65805.58144375106
55061,564586.590430068
55062,394697.64422177547
55063,63519.82888294365
55064,156642.1311241352
55065,474947.8293082334
55066,412732.1608977498
55067,60848.20725948444
55068,74736.60106539978
55069,102283.32603738057
55070,472883.34841702343
55071,49793.89033410835
55072,568754.2551080029
55073,592727.3073012893
55074,72730.20329920204
55075,519887.08253402944
55076,50705.78918595187
55077,452170.9217792508
55078,539739.4187453174
55079,513472.4452199048
55080,409803.5872850977
55081,68201.99236461378
55082,524157.528805638
55083,524250.4488359158
55084,113239.53805761915
55085,469484.88513057923
55086,469484.88513057923
55087,545785.4169768337
55088,467750.04372693336
55089,405975.4492406498
55090,140235.41788139375
55091,469273.98089435423
55092,462370.9753570361
55093,529909.9403648245
55094,498984.3207976798
55095,51728.34651391989
55096,61388.76645185804
55097,105867.04272286833
55098,51653.84427107978
55099,573095.1730316436
55100,254200.2859799984
55101,67843.3106997783
55102,526136.4811508685
55103,463927.1285592423
55104,469273.98089435423
55105,522184.37244109623
55106,451822.88999370177
55107,77337.74409130194
55108,512247.9452279466
55109,532593.9059458792
55110,566688.1787131836
55111,81421.65220218882
55112,547888.8147136766
55113,500794.83477271884
55114,544851.5771851169
55115,64726.51992968144
55116,495807.18289746833
55117,592727.3073012893
55118,427631.90990323335
55119,559210.7778903455
55120,519887.08253402944
55121,48269.52985557327
55122,464437.0051096278
55123,539994.9811650976
55124,498207.97929973976
55125,451076.8165963958
55126,63211.629995131065
55127,68201.99236461378
55128,533738.0784092724
55129,547524.5319360729
55130,545270.9461102502
55131,104457.76920305268
55132,56627.327880307705
55133,120745.03606348152
55134,471783.6407657977
55135,469484.88513057923
55136,222065.5828564788
55137,475467.15185248305
55138,49273.54277517831
55139,123314.88315521003
55140,213298.84763548465
55141,512247.9452279466
55142,547581.1090219168
55143,78359.99813316124
55144,541805.4951401368
55145,408448.5105854795
55146,207050.95318416337
55147,346373.4904024438
55148,543841.0208493875
55149,53660.50374064296
55150,451822.88999370177
55151,451611.98575747677
55152,70222.98307816856
55153,161684.77494934775
55154,460027.4339858062
55155,60848.20725948444
55156,64726.51992968144
55157,514734.6665528141
55158,508411.6332076932
55159,68201.99236461378
55160,453142.89299121517
55161,427631.90990323335
55162,519887.08253402944
55163,67519.11036067654
55164,498341.9287903943
55165,498207.97929973976
55166,477862.01858180756
55167,456265.0527065833
55168,131269.26629931538
55169,457011.12610388926
55170,526236.0158641476
55171,529909.9403648245
55172,469273.98089435423
55173,512247.9452279466
55174,122243.30086610987
55175,50986.80410597692
55176,554977.0657174101
55177,512247.9452279466
55178,563581.7084825021
55179,512247.9452279466
55180,498984.3207976798
55181,560897.7429014475
55182,75455.03960112404
55183,587659.7253499635
55184,72533.07456076705
55185,573095.1730316436
55186,557027.4542954119
55187,519887.08253402944
55188,580951.6852381991
55189,543841.0208493875
55190,476601.4840909501
55191,573095.1730316436
55192,440823.43773146713
55193,529909.9403648245
55194,60848.20725948444
55195,486704.0360882249
55196,539941.0248707812
55197,512247.9452279466
55198,444834.88079793163
55199,440836.60021074157
55200,571824.5455649394
55201,75431.92086331049
55202,451822.88999370177
55203,405975.4492406498
55204,144287.78447315528
55205,412878.3060211034
55206,448518.391884617
55207,573095.1730316436
55208,76263.15041256134
55209,70973.7928791027
55210,473102.1189388021
55211,554228.4308533475
55212,547524.5319360729
55213,456475.9569428083
55214,469484.88513057923
55215,483861.10853836144
55216,469484.88513057923
55217,416523.53460398415
55218,533738.0784092724
55219,412667.4017848784
55220,48269.52985557327
55221,473102.1189388021
55222,196753.64329694145
55223,557027.4542954119
55224,262121.07375637736
55225,521331.0761975858
55226,59972.71289145081
55227,500555.12100113777
55228,232198.26451900954
55229,512992.264902915
55230,521541.98043381074
55231,190873.92645904815
55232,532593.9059458792
55233,500881.5192143757
55234,580951.6852381991
55235,477862.01858180756
55236,495524.0137186851
55237,451076.8165963958
55238,511501.8718306407
55239,70055.57165484842
55240,49273.54277517831
55241,66379.98927952742
55242,521541.98043381074
55243,155721.41204890446
55244,62663.02147549741
55245,219011.84701183022
55246,56627.327880307705
55247,521541.98043381074
55248,158639.50398482193
55249,89873.25327943069
55250,512247.9452279466
55251,547888.8147136766
55252,532084.5126642258
55253,49793.89033410835
55254,496604.2899708169
55255,527743.5947405851
55256,529909.9403648245
55257,560897.7429014475
55258,470343.7959924929
55259,412878.3060211034
55260,537286.5127629928
55261,545785.4169768337
55262,114895.3809413593
55263,115230.11800623061
55264,456265.0527065833
55265,51123.458517453924
55266,464437.0051096278
55267,409803.5872850977
55268,64603.016799399484
55269,547888.8147136766
55270,178196.2510387892
55271,539994.9811650976
55272,539941.0248707812
55273,517647.0855743594
55274,498341.9287903943
55275,68684.52624167435
55276,422652.7463986184
55277,496655.42642770166
55278,574581.4672007225
55279,175721.95462684546
55280,66379.98927952742
55281,418969.23531193304
55282,539739.4187453174
55283,68201.99236461378
55284,54405.91816854687
55285,394697.64422177547
55286,433078.6740179401
55287,75967.2842254131
55288,49273.54277517831
55289,512247.9452279466
55290,80750.44226587967
55291,512247.9452279466
55292,463927.1285592423
55293,467610.63964592764
55294,541622.7960714524
55295,51123.458517453924
55296,470132.89175626787
55297,54804.12728233305
55298,175418.5105966034
55299,539352.5891578121
55300,580951.6852381991
55301,408448.5105854795
55302,451611.98575747677
55303,166601.13676113496
55304,469273.98089435423
55305,48269.52985557327
55306,504238.6320878231
55307,544851.5771851169
55308,547888.8147136766
55309,524978.7325518371
55310,56627.327880307705
55311,480032.97049391357
55312,471089.86938979884
55313,514734.6665528141
55314,180286.44273313705
55315,450865.9123601708
55316,451822.88999370177
55317,67219.60020425817
55318,573095.1730316436
55319,212008.90010615854
55320,588535.1923034907
55321,59990.714164796635
55322,545143.0249695482
55323,158261.23170988838
55324,565180.5998367461
55325,473102.1189388021
55326,480032.97049391357
55327,471783.6407657977
55328,416523.53460398415
55329,527743.5947405851
55330,405975.4492406498
55331,49273.54277517831
55332,527743.5947405851
55333,65778.3306067108
55334,451217.17268563184
55335,133389.07456251438
55336,68201.99236461378
55337,229690.12369986047
55338,178339.8588566498
55339,574046.3698779724
55340,514734.6665528141
55341,69271.76833351966
55342,71911.10077603314
55343,86039.86645428491
55344,114723.14339338515
55345,233892.0402283972
55346,83831.37810636184
55347,51728.34651391989
55348,68928.88522414195
55349,512247.9452279466
55350,211805.6530758757
55351,60848.20725948444
55352,450865.9123601708
55353,62663.02147549741
55354,584851.6812168054
55355,58968.69997184573
55356,173832.02290789038
55357,68201.99236461378
55358,506284.14493958035
55359,498341.9287903943
55360,527743.5947405851
55361,560897.7429014475
55362,405764.5450044248
55363,119330.41717564051
55364,63303.010998226004
55365,487191.8971782698
55366,457222.03034011426
55367,63365.62800292847
55368,573095.1730316436
55369,480032.97049391357
55370,451611.98575747677
55371,475233.7584214535
55372,498984.3207976798
55373,545143.0249695482
55374,60848.20725948444
55375,519887.08253402944
55376,512247.9452279466
55377,598258.8346662221
55378,540985.5458943306
55379,173030.7164564896
55380,506878.1543462585
55381,450865.9123601708
55382,538177.3430632553
55383,207836.08227992686
55384,451611.98575747677
55385,419180.13954815804
55386,81653.52181897186
55387,473313.0231750271
55388,145520.19092161817
55389,125219.47805723066
55390,573095.1730316436
55391,56455.80021240519
55392,161046.74223058723
55393,469484.88513057923
55394,546626.5933807674
55395,569372.1442942383
55396,483239.78846849804
55397,519887.08253402944
55398,512247.9452279466
55399,451822.88999370177
55400,560897.7429014475
55401,244756.52620321186
55402,560897.7429014475
55403,61900.34043649163
55404,52614.23503941558
55405,521541.98043381074
55406,49273.54277517831
55407,573095.1730316436
55408,560897.7429014475
55409,560897.7429014475
55410,473313.0231750271
55411,451076.8165963958
55412,544851.5771851169
55413,498341.9287903943
55414,512247.9452279466
55415,59993.196424092224
55416,60848.20725948444
55417,275452.25379350904
55418,90439.33766334139
55419,539941.0248707812
55420,178196.2510387892
55421,211805.6530758757
55422,64121.953331533994
55423,560897.7429014475
55424,49273.54277517831
55425,511501.8718306407
55426,417531.3729702099
55427,456265.0527065833
55428,545143.0249695482
55429,451611.98575747677
55430,530427.5603216396
55431,68201.99236461378
55432,545143.0249695482
55433,498984.3207976798
55434,498984.3207976798
55435,467750.04372693336
55436,439973.49164905463
55437,409592.6830488727
55438,483239.78846849804
55439,530427.5603216396
55440,49273.54277517831
55441,452170.9217792508
55442,547209.1013643675
55443,79804.17414209933
55444,207836.08227992686
55445,450865.9123601708
55446,62663.02147549741
55447,75455.03960112404
55448,76263.15041256134
55449,60848.20725948444
55450,213298.84763548465
55451,471957.9464754089
55452,511501.8718306407
55453,178450.3857047941
55454,60848.20725948444
55455,480032.97049391357
55456,512095.1442943785
55457,473102.1189388021
55458,469484.88513057923
55459,486704.0360882249
55460,451822.88999370177
55461,579718.3791135184
55462,49273.54277517831
55463,506284.14493958035
55464,506840.83300423506
55465,490387.54717491026
55466,519887.08253402944
55467,63963.516390697885
55468,68826.94463031879
55469,545143.0249695482
55470,52127.471437058986
55471,512247.9452279466
55472,299353.35838703415
55473,500555.12100113777
55474,521822.9175565476
55475,545143.0249695482
55476,280394.4693785243
55477,496365.0619111667
55478,513177.1350680264
55479,533738.0784092724
55480,522571.0481150841
55481,491979.04485302046
55482,79480.5474560591
55483,84356.16269591088
55484,519887.08253402944
55485,217811.9962743414
55486,504144.81179087784
55487,490724.801646225
55488,463927.1285592423
55489,545143.0249695482
55490,508219.9799620986
55491,572219.7060781164
55492,539427.167892357
55493,462370.9753570361
55494,110944.55121099163
55495,76935.99068628944
55496,451822.88999370177
55497,473102.1189388021
55498,197027.19785646844
55499,71284.25863252854
55500,469484.88513057923
55501,52127.471437058986
55502,498341.9287903943
55503,539941.0248707812
55504,457708.4288120656
55505,512247.9452279466
55506,539994.9811650976
55507,526730.4905575466
55508,162838.13413682065
55509,58296.64760034019
55510,135567.40532186232
55511,248917.771998865
55512,588535.1923034907
55513,98063.27733479542
55514,521541.98043381074
55515,451428.07692185685
55516,477715.873458454
55517,558831.6665066282
55518,464342.77308136673
55519,547524.5319360729
55520,117023.57456867759
55521,512247.9452279466
55522,526730.4905575466
55523,403001.80278738315
55524,532084.5126642258
55525,82566.09528118193
55526,527151.8851247238
55527,591219.7284248518
55528,469273.98089435423
55529,469484.88513057923
55530,451076.8165963958
55531,131993.9928957097
55532,367934.4319948044
55533,511501.8718306407
55534,571824.5455649394
55535,114895.3809413593
55536,460027.4339858062
55537,91302.08557405147
55538,500555.12100113777
55539,165366.59789696752
55540,533454.8253770173
55541,122393.27140762605
55542,94426.16835748589
55543,473313.0231750271
55544,539352.5891578121
55545,462370.9753570361
55546,75711.64692396681
55547,56627.327880307705
55548,525752.3513764341
55549,462370.9753570361
55550,191703.6286147695
55551,572219.7060781164
55552,63007.02004833195
55553,496365.0619111667
55554,555381.0441426283
55555,68201.99236461378
55556,208840.84713392815
55557,56627.327880307705
55558,65023.5124431227
55559,515657.54792821745
55560,96252.06826554658
55561,483239.78846849804
55562,480912.14407037105
55563,513388.0393042512
55564,160411.7762453116
55565,66869.71202566137
55566,511501.8718306407
55567,451822.88999370177
55568,409592.6830488727
55569,215091.8085565743
55570,417320.4687339849
55571,462370.9753570361
55572,469273.98089435423
55573,405975.4492406498
55574,498341.9287903943
55575,62899.38580878757
55576,50764.69271017569
55577,412878.3060211034
55578,462370.9753570361
55579,573095.1730316436
55580,544851.5771851169
55581,572219.7060781164
55582,560897.7429014475
55583,471957.9464754089
55584,512247.9452279466
55585,451611.98575747677
55586,457708.4288120656
55587,476852.32062835264
55588,512247.9452279466
55589,547851.493371653
55590,92870.4356222328
55591,107472.80419237299
55592,571438.2206890576
55593,512247.9452279466
55594,56627.327880307705
55595,571861.8669069629
55596,156642.1311241352
55597,457222.03034011426
55598,120175.4990741166
55599,287349.71981834195
55600,529909.9403648245
55601,528815.9846567662
55602,60848.20725948444
55603,73467.72896106425
55604,451822.88999370177
55605,63963.516390697885
55606,79804.17414209933
55607,220702.46105276025
55608,132423.384634214
55609,522184.37244109623
55610,486493.1318519999
55611,451822.88999370177
55612,483028.88423227303
55613,469416.30194330064
55614,469416.30194330064
55615,539941.0248707812
55616,529909.9403648245
55617,408007.65706415154
55618,418969.23531193304
55619,103322.98747434081
55620,496365.0619111667
55621,545060.0418740252
55622,104186.9307939483
55623,139132.16196317787
55624,512247.9452279466
55625,506840.83300423506
55626,469484.88513057923
55627,405764.5450044248
55628,490387.54717491026
55629,60848.20725948444
55630,539941.0248707812
55631,56627.327880307705
55632,287212.19105471147
55633,69797.6319173261
55634,550196.6573937439
55635,230181.31125094966
55636,451822.88999370177
55637,584851.6812168054
55638,265062.1149845339
55639,113492.84640805199
55640,512247.9452279466
55641,257230.5684315285
55642,178196.2510387892
55643,419180.13954815804
55644,463927.1285592423
55645,60848.20725948444
55646,502040.9619217319
55647,64468.81948098906
55648,60649.16640158666
55649,64726.51992968144
55650,566688.1787131836
55651,513480.3130702481
55652,60848.20725948444
55653,485212.9448330394
55654,571824.5455649394
55655,563968.0333583839
55656,58118.477815305094
55657,422863.6506348434
55658,82219.7587290623
55659,480912.14407037105
55660,592727.3073012893
55661,529909.9403648245
55662,354478.04597355024
55663,65607.02971900455
55664,49273.54277517831
55665,547524.5319360729
55666,163724.7844421564
55667,420351.672648432
55668,547524.5319360729
55669,170174.70989304976
55670,409225.0506913987
55671,420351.672648432
55672,512247.9452279466
55673,82745.96993954628
55674,433078.6740179401
55675,469273.98089435423
55676,451611.98575747677
55677,68267.7381589498
55678,161428.4256447646
55679,539352.5891578121
55680,592727.3073012893
55681,56627.327880307705
55682,539739.4187453174
55683,83300.23038660543
55684,512247.9452279466
55685,529909.9403648245
55686,490387.54717491026
55687,539994.9811650976
55688,232198.26451900954
55689,56627.327880307705
55690,495524.0137186851
55691,80240.01499129857
55692,68201.99236461378
55693,473313.0231750271
55694,451822.88999370177
55695,94868.11919195547
55696,56627.327880307705
55697,109353.06673436881
55698,63303.010998226004
55699,557911.9419400329
55700,568754.2551080029
55701,462370.9753570361
55702,482515.0855309141
55703,60848.20725948444
55704,456475.9569428083
55705,539994.9811650976
55706,535789.4366261075
55707,68742.55155698738
55708,141275.87639466033
55709,61642.02396763687
55710,51728.34651391989
55711,559390.16402501
55712,60848.20725948444
55713,511501.8718306407
55714,571824.5455649394
55715,136768.00681884665
55716,56455.80021240519
55717,156642.1311241352
55718,473102.1189388021
55719,519887.08253402944
55720,51728.34651391989
55721,547524.5319360729
55722,451611.98575747677
55723,159861.4390558953
55724,469484.88513057923
55725,544851.5771851169
55726,473102.1189388021
55727,571182.1535576539
55728,545060.0418740252
55729,56627.327880307705
55730,73356.27351558022
55731,506198.44099694956
55732,538177.3430632553
55733,521541.98043381074
55734,547209.1013643675
55735,496365.0619111667
55736,512247.9452279466
55737,526730.4905575466
55738,506198.44099694956
55739,583976.2142632782
55740,547888.8147136766
55741,477862.01858180756
55742,423426.39138443774
55743,49273.54277517831
55744,52127.471437058986
55745,451822.88999370177
55746,571310.0746983561
55747,512247.9452279466
55748,80803.1498914263
55749,85575.01770252768
55750,67612.4254741682
55751,103094.62050445663
55752,72294.63859260015
55753,451822.88999370177
55754,68201.99236461378
55755,473313.0231750271
55756,68201.99236461378
55757,70743.69944015493
55758,49793.89033410835
55759,104179.54588017108
55760,584851.6812168054
55761,161207.3995231
55762,63303.010998226004
55763,68201.99236461378
55764,73047.98126281699
55765,495524.0137186851
55766,590402.3224596666
55767,70689.98171518037
55768,68742.55155698738
55769,512247.9452279466
55770,254200.2859799984
55771,584851.6812168054
55772,241791.11222302416
55773,598258.8346662221
55774,405975.4492406498
55775,584851.6812168054
55776,573095.1730316436
55777,511501.8718306407
55778,64584.22707226447
55779,52303.09176050514
55780,574581.4672007225
55781,529909.9403648245
55782,580951.6852381991
55783,113376.78839933389
55784,456265.0527065833
55785,405975.4492406498
55786,464553.67731759173
55787,49793.89033410835
55788,512247.9452279466
55789,469273.98089435423
55790,532084.5126642258
55791,598258.8346662221
55792,50705.78918595187
55793,50811.98442535357
55794,267152.28050255927
55795,495524.0137186851
55796,506878.1543462585
55797,512247.9452279466
55798,451611.98575747677
55799,560897.7429014475
55800,547581.1090219168
55801,127662.407566034
55802,405975.4492406498
55803,451611.98575747677
55804,519887.08253402944
55805,574581.4672007225
55806,535578.5323898826
55807,87049.22607065126
55808,450865.9123601708
55809,503478.8003537735
55810,405764.5450044248
55811,498984.3207976798
55812,533738.0784092724
55813,514734.6665528141
55814,480032.97049391357
55815,111758.92585669461
55816,512247.9452279466
55817,217183.91661908338
55818,524748.7730880767
55819,512247.9452279466
55820,152187.92138279034
55821,541622.7960714524
55822,512247.9452279466
55823,451611.98575747677
55824,67464.95487255024
55825,84267.36441243532
55826,496655.42642770166
55827,451822.88999370177
55828,451822.88999370177
55829,106474.86543126772
55830,137128.8131837849
55831,483861.10853836144
55832,512247.9452279466
55833,55451.78729280016
55834,519887.08253402944
55835,48789.87741450328
55836,519887.08253402944
55837,519980.74502305867
55838,521541.98043381074
55839,512247.9452279466
55840,163619.34133930126
55841,405764.5450044248
55842,532593.9059458792
55843,457011.12610388926
55844,539352.5891578121
55845,444834.88079793163
55846,451611.98575747677
55847,554228.4308533475
55848,102491.31190338644
55849,461959.45864784665
55850,539352.5891578121
55851,143469.26056931948
55852,56627.327880307705
55853,506198.44099694956
55854,506840.83300423506
55855,529909.9403648245
55856,63007.02004833195
55857,145179.0404998745
55858,448518.391884617
55859,490387.54717491026
55860,412878.3060211034
55861,520445.8971892462
55862,114895.3809413593
55863,54684.8877489593
55864,469484.88513057923
55865,450865.9123601708
55866,592727.3073012893
55867,539941.0248707812
55868,586806.6301172519
55869,56298.544967789465
55870,473313.0231750271
55871,580255.6044193363
55872,512247.9452279466
55873,526519.5863213217
55874,496655.42642770166
55875,500555.12100113777
55876,486704.0360882249
55877,512247.9452279466
55878,80067.583394823
55879,560897.7429014475
55880,469273.98089435423
55881,499352.15176313295
55882,512247.9452279466
55883,53151.855445375324
55884,229690.12369986047
55885,469484.88513057923
55886,447830.00385561003
55887,506198.44099694956
55888,91850.24750414806
55889,56627.327880307705
55890,87049.22607065126
55891,462370.9753570361
55892,49273.54277517831
55893,62501.6766093304
55894,545785.4169768337
55895,473313.0231750271
55896,491979.04485302046
55897,568754.2551080029
55898,418329.75813567714
55899,96070.3662996182
55900,496365.0619111667
55901,467024.0423061426
55902,430540.30115798087
55903,522289.1601438872
55904,547524.5319360729
55905,526730.4905575466
55906,496365.0619111667
55907,314364.57609852264
55908,512247.9452279466
55909,499049.0274922214
55910,588535.1923034907
55911,506198.44099694956
55912,462370.9753570361
55913,506840.83300423506
55914,56627.327880307705
55915,519887.08253402944
55916,433078.6740179401
55917,521541.98043381074
55918,66774.36559461811
55919,469484.88513057923
55920,499913.0155990356
55921,457222.03034011426
55922,196753.64329694145
55923,72533.07456076705
55924,547209.1013643675
55925,469273.98089435423
55926,474947.8293082334
55927,451428.07692185685
55928,260207.43376365688
55929,440836.60021074157
55930,472100.2675243553
55931,62398.144495094755
55932,164588.8606807131
55933,572219.7060781164
55934,512247.9452279466
55935,79962.0127448033
55936,60464.47768799669
55937,241101.35858262455
55938,63303.010998226004
55939,60756.826256389504
55940,512247.9452279466
55941,53266.78816409515
55942,159491.05717008087
55943,584851.6812168054
55944,82566.09528118193
55945,92012.57929997354
55946,519887.08253402944
55947,462370.9753570361
55948,56627.327880307705
55949,186594.13821619202
55950,483861.10853836144
55951,63602.767943966144
55952,208046.9865161519
55953,451611.98575747677
55954,495524.0137186851
55955,519887.08253402944
55956,500583.93053649383
55957,53151.855445375324
55958,512247.9452279466
55959,512247.9452279466
55960,127017.29812116659
55961,208046.9865161519
55962,560897.7429014475
55963,405975.4492406498
55964,60848.20725948444
55965,556816.550059187
55966,460093.19075103116
55967,70070.73140950532
55968,63407.04594210416
55969,519887.08253402944
55970,565778.5473334233
55971,553679.2505254127
55972,469273.98089435423
55973,476601.4840909501
55974,451822.88999370177
55975,79004.79002574121
55976,498341.9287903943
55977,573095.1730316436
55978,465299.7507148977
55979,89677.08732622549
55980,462370.9753570361
55981,469484.88513057923
55982,475467.15185248305
55983,512247.9452279466
55984,63203.580667871014
55985,63063.104243814305
55986,102217.73438970411
55987,67698.80709049606
55988,409803.5872850977
55989,500363.46775554307
55990,70433.23368672909
55991,220711.7854243918
55992,107898.71337703461
55993,74286.45527056562
55994,55376.073200300845
55995,50705.78918595187
55996,514734.6665528141
55997,65068.03826415727
55998,574581.4672007225
55999,498207.97929973976
56000,519980.74502305867
56001,87049.22607065126
56002,90741.2179081358
56003,230521.93167590708
56004,451611.98575747677
56005,123707.02805207073
56006,107431.18086624921
56007,163395.21803072156
56008,232198.26451900954
56009,532084.5126642258
56010,571182.1535576539
56011,551697.533055943
56012,92954.22245226975
56013,83251.31647680455
56014,573095.1730316436
56015,394697.64422177547
56016,555381.0441426283
56017,463927.1285592423
56018,173030.7164564896
56019,281792.30288606643
56020,60848.20725948444
56021,77749.21865846076
56022,512247.9452279466
56023,405764.5450044248
56024,425492.4211370294
56025,526236.0158641476
56026,102524.33032323165
56027,548223.5010292022
56028,543777.7794145092
56029,592727.3073012893
56030,84463.64662365103
56031,555745.326920232
56032,82566.09528118193
56033,571438.2206890576
56034,480032.97049391357
56035,508360.49675080844
56036,94012.8690104712
56037,60243.640661337005
56038,525598.3131704616
56039,506878.1543462585
56040,572219.7060781164
56041,566688.1787131836
56042,451076.8165963958
56043,486373.387929943
56044,143469.26056931948
56045,499049.0274922214
56046,101280.76028008912
56047,51728.34651391989
56048,63303.010998226004
56049,552417.0291925035
56050,447830.00385561003
56051,81295.36167207207
56052,76263.15041256134
56053,529909.9403648245
56054,68505.56965041929
56055,518133.4840463105
56056,444834.88079793163
56057,52127.471437058986
56058,55715.429028464154
56059,573095.1730316436
56060,168403.2551086475
56061,553006.0359434306
56062,70897.3155562667
56063,452170.9217792508
56064,91547.01169638739
56065,532084.5126642258
56066,451611.98575747677
56067,64726.51992968144
56068,514215.07329848345
56069,68928.88522414195
56070,111758.92585669461
56071,547758.5733413753
56072,539941.0248707812
56073,461959.45864784665
56074,543841.0208493875
56075,509562.1199273132
56076,472168.8507116339
56077,49273.54277517831
56078,64809.15437593429
56079,571182.1535576539
56080,476601.4840909501
56081,72386.08367510758
56082,529909.9403648245
56083,486373.387929943
56084,450865.9123601708
56085,70148.92371211913
56086,530427.5603216396
56087,64894.474708386784
56088,506878.1543462585
56089,79622.07662202512
56090,249856.35196061962
56091,125436.71851838591
56092,579718.3791135184
56093,532593.9059458792
56094,508360.49675080844
56095,444834.88079793163
56096,518133.4840463105
56097,539941.0248707812
56098,177800.29353418679
56099,451076.8165963958
56100,68201.99236461378
56101,196753.64329694145
56102,217260.7612254913
56103,136708.5634318665
56104,521541.98043381074
56105,547524.5319360729
56106,451611.98575747677
56107,70684.98796508936
56108,463927.1285592423
56109,518957.1915319788
56110,464553.67731759173
56111,518133.4840463105
56112,156642.1311241352
56113,486704.0360882249
56114,515657.54792821745
56115,472100.2675243553
56116,524406.1967541295
56117,232198.26451900954
56118,573095.1730316436
56119,104740.32697399051
56120,92408.1753591596
56121,473102.1189388021
56122,76897.29724511821
56123,409803.5872850977
56124,72899.20519074757
56125,71284.25863252854
56126,467539.13949070836
56127,121788.70480947863
56128,512247.9452279466
56129,560897.7429014475
56130,217260.7612254913
56131,72770.05366687353
56132,483141.8199440388
56133,451822.88999370177
56134,506840.83300423506
56135,500555.12100113777
56136,512589.3849826907
56137,514734.6665528141
56138,450865.9123601708
56139,102155.2876990174
56140,519887.08253402944
56141,430540.30115798087
56142,118697.7964524707
56143,463927.1285592423
56144,208046.9865161519
56145,553679.2505254127
56146,538646.6953354093
56147,584851.6812168054
56148,75797.1569424093
56149,109363.05582675448
56150,452422.81826765416
56151,229690.12369986047
56152,122368.26906702359
56153,451822.88999370177
56154,54547.680604141926
56155,516901.0121770535
56156,65351.47219538644
56157,101054.327454128
56158,51123.458517453924
56159,498207.97929973976
56160,49273.54277517831
56161,138915.3358153318
56162,81742.59264066855
56163,529909.9403648245
56164,480032.97049391357
56165,68505.56965041929
56166,461624.90195973014
56167,533738.0784092724
56168,498984.3207976798
56169,451611.98575747677
56170,539941.0248707812
56171,451076.8165963958
56172,560897.7429014475
56173,512247.9452279466
56174,469484.88513057923
56175,539994.9811650976
56176,272289.5704758017
56177,89582.09037196041
56178,587659.7253499635
56179,419180.13954815804
56180,56627.327880307705
56181,588535.1923034907
56182,500555.12100113777
56183,512247.9452279466
56184,524195.2925179045
56185,76630.19154550898
56186,63203.580667871014
56187,450865.9123601708
56188,49273.54277517831
56189,547209.1013643675
56190,459159.922523863
56191,506198.44099694956
56192,73809.81291794575
56193,112255.1644303762
56194,483861.10853836144
56195,529909.9403648245
56196,114895.3809413593
56197,518133.4840463105
56198,49273.54277517831
56199,82455.03149288746
56200,498984.3207976798
56201,110337.78852147111
56202,65513.45362630815
56203,481637.9547531332
56204,452170.9217792508
56205,511501.8718306407
56206,522184.37244109623
56207,418969.23531193304
56208,156642.1311241352
56209,513652.79605609097
56210,56627.327880307705
56211,512247.9452279466
56212,498984.3207976798
56213,573095.1730316436
56214,526236.0158641476
56215,563581.7084825021
56216,571182.1535576539
56217,573095.1730316436
56218,451611.98575747677
56219,573095.1730316436
56220,84142.34917367014
56221,58173.397007939064
56222,79470.18800531734
56223,68637.8620385984
56224,502634.97132840997
56225,100713.12125398281
56226,480032.97049391357
56227,506840.83300423506
56228,532084.5126642258
56229,66294.61523435288
56230,160460.15270519964
56231,68928.88522414195
56232,473102.1189388021
56233,532084.5126642258
56234,516297.2339363733
56235,52739.40429619783
56236,515015.15592093195
56237,473313.0231750271
56238,486482.8166540003
56239,48789.87741450328
56240,136254.8697412334
56241,469273.98089435423
56242,545785.4169768337
56243,228944.05030255453
56244,147602.32509754598
56245,482689.87684325763
56246,229690.12369986047
56247,469273.98089435423
56248,58173.397007939064
56249,495524.0137186851
56250,156166.44263999228
56251,598258.8346662221
56252,574581.4672007225
56253,214652.0104678292
56254,157136.59248327074
56255,156440.459082999
56256,106146.73817277387
56257,541805.4951401368
56258,469484.88513057923
56259,66297.0974936485
56260,73855.85425865442
56261,62294.819210640126
56262,547524.5319360729
56263,506198.44099694956
56264,128056.95201025523
56265,56627.327880307705
56266,164588.8606807131
56267,472100.2675243553
56268,508468.64791058993
56269,79180.85113675855
56270,53993.01074669213
56271,204794.9806157403
56272,509062.6573172681
56273,57468.48318162451
56274,477862.01858180756
56275,457222.03034011426
56276,92674.32876143297
56277,49793.89033410835
56278,70613.72023735067
56279,479285.4496720048
56280,491979.04485302046
56281,571182.1535576539
56282,487785.9065849479
56283,62663.02147549741
56284,451822.88999370177
56285,321319.8265383403
56286,519887.08253402944
56287,560897.7429014475
56288,76395.83120476638
56289,59993.196424092224
56290,51728.34651391989
56291,573095.1730316436
56292,543841.0208493875
56293,203789.38424953833
56294,75641.59074875449
56295,463927.1285592423
56296,522184.37244109623
56297,462370.9753570361
56298,573095.1730316436
56299,62663.02147549741
56300,522571.0481150841
56301,529909.9403648245
56302,135552.52496156038
56303,473102.1189388021
56304,454094.706722608
56305,511501.8718306407
56306,482689.87684325763
56307,92136.20291080711
56308,194179.05192136564
56309,476601.4840909501
56310,568462.512914478
56311,141159.1463383423
56312,547888.8147136766
56313,64726.51992968144
56314,573095.1730316436
56315,60848.20725948444
56316,53167.43675118524
56317,519887.08253402944
56318,56627.327880307705
56319,197859.46631950082
56320,563581.7084825021
56321,526236.0158641476
56322,60243.640661337005
56323,506878.1543462585
56324,83696.21984848945
56325,566688.1787131836
56326,450865.9123601708
56327,451822.88999370177
56328,129096.33276533117
56329,173527.00673210123
56330,74988.88978747974
56331,60848.20725948444
56332,527743.5947405851
56333,584851.6812168054
56334,472168.8507116339
56335,70433.23368672909
56336,512247.9452279466
56337,141822.07518776838
56338,87098.22004461123
56339,68742.55155698738
56340,56455.80021240519
56341,521541.98043381074
56342,61388.76645185804
56343,451611.98575747677
56344,506920.68167331297
56345,102092.03657891104
56346,519887.08253402944
56347,94068.09995796572
56348,232198.26451900954
56349,441034.34196769213
56350,563581.7084825021
56351,55627.40761624631
56352,81899.15041648476
56353,512247.9452279466
56354,97204.01511968613
56355,490176.64293868525
56356,588535.1923034907
56357,483747.5574001714
56358,51728.34651391989
56359,64812.60820689768
56360,469273.98089435423
56361,450513.9694366647
56362,439973.49164905463
56363,236853.49640041078
56364,49273.54277517831
56365,484457.9962975055
56366,512247.9452279466
56367,85671.13797389521
56368,469273.98089435423
56369,545785.4169768337
56370,56627.327880307705
56371,469273.98089435423
56372,451822.88999370177
56373,73162.7646511857
56374,211797.9958699335
56375,94001.81425404249
56376,59972.71289145081
56377,56627.327880307705
56378,469484.88513057923
56379,438407.1172965393
56380,66774.36559461811
56381,539941.0248707812
56382,63303.010998226004
56383,72020.45583415196
56384,563581.7084825021
56385,122287.54275786667
56386,60848.20725948444
56387,565778.5473334233
56388,451611.98575747677
56389,451076.8165963958
56390,498341.9287903943
56391,49116.60636422815
56392,506878.1543462585
56393,233205.89725696176
56394,519887.08253402944
56395,102301.83756854245
56396,566688.1787131836
56397,487785.9065849479
56398,514734.6665528141
56399,425530.18484929577
56400,119247.47658612255
56401,56627.327880307705
56402,80938.56660073294
56403,182182.96239326618
56404,512247.9452279466
56405,79346.31836295332
56406,519887.08253402944
56407,513388.0393042512
56408,277672.32339597825
56409,71087.89790910056
56410,569090.2563230414
56411,419180.13954815804
56412,470878.96515357384
56413,529909.9403648245
56414,516901.0121770535
56415,119497.07445031343
56416,511501.8718306407
56417,514734.6665528141
56418,539352.5891578121
56419,476601.4840909501
56420,568754.2551080029
56421,60848.20725948444
56422,489005.3983997538
56423,60848.20725948444
56424,49793.89033410835
56425,533454.8253770173
56426,417320.4687339849
56427,544851.5771851169
56428,81895.14933432899
56429,560500.0611458723
56430,70973.7928791027
56431,405764.5450044248
56432,522571.0481150841
56433,545143.0249695482
56434,427631.90990323335
56435,73577.72616280483
56436,65805.58144375106
56437,469484.88513057923
56438,463927.1285592423
56439,513652.79605609097
56440,451611.98575747677
56441,483239.78846849804
56442,527743.5947405851
56443,359913.4525299228
56444,480032.97049391357
56445,67576.67487337989
56446,524978.7325518371
56447,512247.9452279466
56448,519887.08253402944
56449,521541.98043381074
56450,506198.44099694956
56451,526236.0158641476
56452,85671.13797389521
56453,85164.57435132221
56454,519887.08253402944
56455,512247.9452279466
56456,167882.07003934318
56457,60848.20725948444
56458,584851.6812168054
56459,405975.4492406498
56460,63963.516390697885
56461,74922.55308093614
56462,569372.1442942383
56463,98068.04986934086
56464,519887.08253402944
56465,416523.53460398415
56466,451611.98575747677
56467,545143.0249695482
56468,53261.37881750386
56469,533738.0784092724
56470,500555.12100113777
56471,473102.1189388021
56472,512247.9452279466
56473,451611.98575747677
56474,560897.7429014475
56475,125673.86417282638
56476,473313.0231750271
56477,56627.327880307705
56478,469484.88513057923
56479,547294.8053069984
56480,480032.97049391357
56481,527743.5947405851
56482,472168.8507116339
56483,519887.08253402944
56484,512589.3849826907
56485,105925.63460715333
56486,106064.26001095885
56487,146290.37508372773
56488,69489.0925304364
56489,451822.88999370177
56490,527743.5947405851
56491,55635.83304070236
56492,181567.37471232595
56493,524978.7325518371
56494,571182.1535576539
56495,451611.98575747677
56496,419180.13954815804
56497,511501.8718306407
56498,547888.8147136766
56499,512247.9452279466
56500,514734.6665528141
56501,82665.93572911248
56502,532084.5126642258
56503,498341.9287903943
56504,495524.0137186851
56505,598258.8346662221
56506,422863.6506348434
56507,72215.33335327971
56508,267467.52632103197
56509,512247.9452279466
56510,462370.9753570361
56511,82959.2799162393
56512,158003.20962362367
56513,532084.5126642258
56514,469273.98089435423
56515,511501.8718306407
56516,565778.5473334233
56517,565778.5473334233
56518,547524.5319360729
56519,109103.35196186618
56520,60848.20725948444
56521,68201.99236461378
56522,483861.10853836144
56523,64726.51992968144
56524,532084.5126642258
56525,555745.326920232
56526,498341.9287903943
56527,491979.04485302046
56528,457497.5245758406
56529,118458.27487590809
56530,534984.5229832045
56531,95944.76089951131
56532,529909.9403648245
56533,461624.90195973014
56534,209121.12131783995
56535,471089.86938979884
56536,91395.36969030208
56537,498984.3207976798
56538,506284.14493958035
56539,65648.35735033915
56540,512247.9452279466
56541,451611.98575747677
56542,63404.68889907876
56543,473313.0231750271
56544,521331.0761975858
56545,60848.20725948444
56546,506840.83300423506
56547,588535.1923034907
56548,521973.4682048713
56549,560897.7429014475
56550,451611.98575747677
56551,409592.6830488727
56552,529909.9403648245
56553,498341.9287903943
56554,98068.04986934086
56555,463927.1285592423
56556,475233.7584214535
56557,422652.7463986184
56558,545785.4169768337
56559,70385.87870976546
56560,461959.45864784665
56561,153610.34748410204
56562,63303.010998226004
56563,537286.5127629928
56564,522184.37244109623
56565,512992.264902915
56566,529909.9403648245
56567,469484.88513057923
56568,83770.55149687616
56569,547524.5319360729
56570,521541.98043381074
56571,519887.08253402944
56572,70372.69201975562
56573,240261.77510605066
56574,469484.88513057923
56575,498984.3207976798
56576,547524.5319360729
56577,513966.4053499921
56578,498984.3207976798
56579,512247.9452279466
56580,160411.7762453116
56581,512247.9452279466
56582,512247.9452279466
56583,405764.5450044248
56584,496365.0619111667
56585,54711.416108859106
56586,441034.34196769213
56587,547581.1090219168
56588,68201.99236461378
56589,306543.55064077507
56590,65416.26856174416
56591,545785.4169768337
56592,580951.6852381991
56593,157773.08791814133
56594,529909.9403648245
56595,88424.79081751009
56596,596391.7045100462
56597,539941.0248707812
56598,528815.9846567662
56599,512247.9452279466
56600,147783.5245358373
56601,96178.23926427426
56602,49273.54277517831
56603,83436.76126519311
56604,560897.7429014475
56605,456265.0527065833
56606,469484.88513057923
56607,505003.72265279153
56608,473102.1189388021
56609,75432.17610583045
56610,118846.7993950352
56611,409803.5872850977
56612,72899.20519074757
56613,558831.6665066282
56614,488110.690868697
56615,469484.88513057923
56616,469273.98089435423
56617,524862.0603438731
56618,56242.30092039367
56619,68102.24113183924
56620,532084.5126642258
56621,80680.84739705206
56622,469273.98089435423
56623,560897.7429014475
56624,457708.4288120656
56625,560897.7429014475
56626,533738.0784092724
56627,63303.010998226004
56628,196753.64329694145
56629,71612.44613333908
56630,299353.35838703415
56631,66283.63369700203
56632,111136.73296563257
56633,529909.9403648245
56634,409592.6830488727
56635,166315.64228140208
56636,68928.88522414195
56637,545270.9461102502
56638,469484.88513057923
56639,68881.00627069474
56640,68201.99236461378
56641,447830.00385561003
56642,471957.9464754089
56643,473313.0231750271
56644,506840.83300423506
56645,73356.27351558022
56646,49273.54277517831
56647,592727.3073012893
56648,512247.9452279466
56649,49273.54277517831
56650,539941.0248707812
56651,167882.07003934318
56652,451822.88999370177
56653,409803.5872850977
56654,588535.1923034907
56655,51123.458517453924
56656,584851.6812168054
56657,63963.516390697885
56658,66869.71202566137
56659,72899.20519074757
56660,161111.2513839159
56661,78109.99120493467
56662,487821.45586463
56663,451822.88999370177
56664,500555.12100113777
56665,473313.0231750271
56666,197131.8991018525
56667,528921.1723584845
56668,405764.5450044248
56669,547524.5319360729
56670,60848.20725948444
56671,539739.4187453174
56672,471089.86938979884
56673,68324.3186259945
56674,416523.53460398415
56675,60848.20725948444
56676,405764.5450044248
56677,451611.98575747677
56678,499352.15176313295
56679,74288.8730000027
56680,547524.5319360729
56681,469273.98089435423
56682,451611.98575747677
56683,538004.3033281238
56684,451076.8165963958
56685,546626.5933807674
56686,461959.45864784665
56687,49273.54277517831
56688,543841.0208493875
56689,509642.8766050548
56690,471089.86938979884
56691,122393.27140762605
56692,545143.0249695482
56693,452174.1503191628
56694,106187.30481461324
56695,547524.5319360729
56696,467610.63964592764
56697,482716.93607496825
56698,469484.88513057923
56699,565778.5473334233
56700,50120.61928383322
56701,450865.9123601708
56702,96070.3662996182
56703,555381.0441426283
56704,491979.04485302046
56705,61501.57163869441
56706,82236.15327571442
56707,527743.5947405851
56708,94682.1934444576
56709,83668.14966203878
56710,223539.06050249416
56711,49273.54277517831
56712,469416.30194330064
56713,56455.80021240519
56714,475467.15185248305
56715,451822.88999370177
56716,573095.1730316436
56717,95554.70223238216
56718,558831.6665066282
56719,506840.83300423506
56720,451611.98575747677
56721,56455.80021240519
56722,483028.88423227303
56723,109986.02139637273
56724,462370.9753570361
56725,460027.4339858062
56726,96252.06826554658
56727,64726.51992968144
56728,48269.52985557327
56729,538215.2075643487
56730,573095.1730316436
56731,472883.34841702343
56732,514734.6665528141
56733,87103.99703619523
56734,498341.9287903943
56735,422652.7463986184
56736,506840.83300423506
56737,156642.1311241352
56738,512247.9452279466
56739,533738.0784092724
56740,498341.9287903943
56741,500555.12100113777
56742,527743.5947405851
56743,556025.8162883499
56744,512247.9452279466
56745,470878.96515357384
56746,584870.7950947338
56747,517647.0855743594
56748,72368.0373283597
56749,477562.6055053627
56750,460027.4339858062
56751,197859.46631950082
56752,451822.88999370177
56753,474736.9250720084
56754,512247.9452279466
56755,117236.32276583606
56756,532084.5126642258
56757,512247.9452279466
56758,512247.9452279466
56759,482478.9726070326
56760,115745.0535649603
56761,539941.0248707812
56762,538646.6953354093
56763,194179.05192136564
56764,442657.4572301093
56765,65467.86485328499
56766,158494.7361214767
56767,469484.88513057923
56768,272255.4914617793
56769,504144.81179087784
56770,563581.7084825021
56771,451822.88999370177
56772,452170.9217792508
56773,469273.98089435423
56774,480032.97049391357
56775,67519.11036067654
56776,469484.88513057923
56777,109363.05582675448
56778,107551.45874696881
56779,232198.26451900954
56780,68928.88522414195
56781,529909.9403648245
56782,217811.9962743414
56783,56627.327880307705
56784,486704.0360882249
56785,180542.99493636287
56786,568754.2551080029
56787,506198.44099694956
56788,206353.1594302475
56789,539739.4187453174
56790,500794.83477271884
56791,506840.83300423506
56792,163395.21803072156
56793,521331.0761975858
56794,77432.17712534642
56795,59678.47355438588
56796,81742.59264066855
56797,62899.38580878757
56798,56042.157978189025
56799,490592.8059056975
56800,76962.44599146131
56801,574581.4672007225
56802,512247.9452279466
56803,408448.5105854795
56804,491979.04485302046
56805,480032.97049391357
56806,560897.7429014475
56807,150829.94439158737
56808,451611.98575747677
56809,569372.1442942383
56810,473313.0231750271
56811,162289.3415474952
56812,123486.72613879527
56813,512247.9452279466
56814,545785.4169768337
56815,506878.1543462585
56816,512247.9452279466
56817,72899.20519074757
56818,469484.88513057923
56819,480032.97049391357
56820,175932.8588630705
56821,101280.76028008912
56822,460027.4339858062
56823,78151.64844314248
56824,521541.98043381074
56825,565778.5473334233
56826,512247.9452279466
56827,504238.6320878231
56828,450865.9123601708
56829,53277.84190908073
56830,75763.57696080343
56831,512247.9452279466
56832,380783.5911083251
56833,471089.86938979884
56834,133295.29424546807
56835,547524.5319360729
56836,486373.387929943
56837,405764.5450044248
56838,86358.23537047104
56839,61678.03143730096
56840,469484.88513057923
56841,279210.9203532328
56842,418552.94060324226
56843,450865.9123601708
56844,547888.8147136766
56845,63619.57469240803
56846,547581.1090219168
56847,73481.14300401145
56848,473102.1189388021
56849,473313.0231750271
56850,469484.88513057923
56851,499352.15176313295
56852,69469.44441651556
56853,473313.0231750271
56854,60848.20725948444
56855,451822.88999370177
56856,66297.0974936485
56857,565778.5473334233
56858,535309.2567186746
56859,486704.0360882249
56860,512247.9452279466
56861,498984.3207976798
56862,133687.14232355283
56863,573095.1730316436
56864,574581.4672007225
56865,49273.54277517831
56866,394697.64422177547
56867,584851.6812168054
56868,121454.04356966591
56869,196863.01750242032
56870,114566.91091475231
56871,473102.1189388021
56872,80421.33905970141
56873,49273.54277517831
56874,451611.98575747677
56875,433411.7359981777
56876,67847.0347292588
56877,571182.1535576539
56878,125517.54581826912
56879,60848.20725948444
56880,405975.4492406498
56881,471957.9464754089
56882,53740.58503655349
56883,539352.5891578121
56884,563325.6413510984
56885,52652.88964337572
56886,563581.7084825021
56887,431092.4155902072
56888,560500.0611458723
56889,68928.88522414195
56890,450865.9123601708
56891,78060.52267156787
56892,61388.76645185804
56893,63193.55361159757
56894,226744.8261029724
56895,451611.98575747677
56896,416523.53460398415
56897,78276.90350032586
56898,469273.98089435423
56899,545270.9461102502
56900,68505.56965041929
56901,480032.97049391357
56902,518021.5225737501
56903,422652.7463986184
56904,54697.924573006705
56905,469273.98089435423
56906,68201.99236461378
56907,506840.83300423506
56908,512589.3849826907
56909,450865.9123601708
56910,506840.83300423506
56911,560897.7429014475
56912,416523.53460398415
56913,67698.80709049606
56914,69469.44441651556
56915,58160.36018389169
56916,56627.327880307705
56917,69553.83748984696
56918,461959.45864784665
56919,72016.53677057609
56920,499352.15176313295
56921,512247.9452279466
56922,122064.90237684494
56923,557911.9419400329
56924,61388.76645185804
56925,469273.98089435423
56926,420881.24388774397
56927,512247.9452279466
56928,68201.99236461378
56929,60848.20725948444
56930,560897.7429014475
56931,538646.6953354093
56932,596391.7045100462
56933,115155.55623235325
56934,506198.44099694956
56935,181808.05324638414
56936,56627.327880307705
56937,60848.20725948444
56938,408659.4148217045
56939,78805.75917057971
56940,51728.34651391989
56941,65030.484751379925
56942,553085.2411187346
56943,544851.5771851169
56944,412667.4017848784
56945,60848.20725948444
56946,177696.3322289576
56947,451822.88999370177
56948,519887.08253402944
56949,469484.88513057923
56950,545143.0249695482
56951,64242.31641290791
56952,98068.04986934086
56953,482716.93607496825
56954,465088.8464786727
56955,228944.05030255453
56956,49273.54277517831
56957,498984.3207976798
56958,239536.93846326522
56959,506878.1543462585
56960,508360.49675080844
56961,422863.6506348434
56962,71609.97293499467
56963,60756.826256389504
56964,60848.20725948444
56965,49273.54277517831
56966,571182.1535576539
56967,241101.35858262455
56968,469484.88513057923
56969,472168.8507116339
56970,143469.26056931948
56971,469484.88513057923
56972,469484.88513057923
56973,49273.54277517831
56974,569372.1442942383
56975,539352.5891578121
56976,495439.5505399943
56977,529909.9403648245
56978,592727.3073012893
56979,517336.3071427763
56980,572219.7060781164
56981,175721.95462684546
56982,68878.78035926583
56983,63182.379899888096
56984,534984.5229832045
56985,62663.02147549741
56986,529909.9403648245
56987,469273.98089435423
56988,420351.672648432
56989,498341.9287903943
56990,473102.1189388021
56991,116631.75616768864
56992,529909.9403648245
56993,473313.0231750271
56994,79082.49791896198
56995,451611.98575747677
56996,121065.70819427569
56997,60848.20725948444
56998,123314.88315521003
56999,477862.01858180756
57000,472168.8507116339
57001,522571.0481150841
57002,560897.7429014475
57003,488756.73045126244
57004,519887.08253402944
57005,477115.9451845016
57006,154259.46457648766
57007,545785.4169768337
57008,405975.4492406498
57009,469484.88513057923
57010,473313.0231750271
57011,111758.92585669461
57012,537928.9047702783
57013,540985.5458943306
57014,394697.64422177547
57015,54305.35892173078
57016,469273.98089435423
57017,573095.1730316436
57018,84693.88190153442
57019,506840.83300423506
57020,405975.4492406498
57021,212008.90010615854
57022,513177.1350680264
57023,58160.36018389169
57024,482597.3964612126
57025,545143.0249695482
57026,539739.4187453174
57027,56627.327880307705
57028,574581.4672007225
57029,62663.02147549741
57030,81113.07572501936
57031,491979.04485302046
57032,61473.159525189454
57033,486704.0360882249
57034,469484.88513057923
57035,113710.21345766212
57036,71911.10077603314
57037,60848.20725948444
57038,63734.11280397118
57039,60848.20725948444
57040,394908.54845800047
57041,60848.20725948444
57042,512247.9452279466
57043,405975.4492406498
57044,98068.04986934086
57045,592727.3073012893
57046,498341.9287903943
57047,198375.59866206968
57048,451611.98575747677
57049,52614.23503941558
57050,560897.7429014475
57051,50806.57507876228
57052,450865.9123601708
57053,440823.43773146713
57054,557911.9419400329
57055,471957.9464754089
57056,573095.1730316436
57057,544851.5771851169
57058,166437.27578287892
57059,469273.98089435423
57060,498341.9287903943
57061,75455.03960112404
57062,78182.96078107765
57063,65961.20570122496
57064,49273.54277517831
57065,60848.20725948444
57066,65150.8960817102
57067,539528.5145090924
57068,164588.8606807131
57069,579718.3791135184
57070,482716.93607496825
57071,451611.98575747677
57072,405764.5450044248
57073,560897.7429014475
57074,113411.08921804163
57075,450865.9123601708
57076,469273.98089435423
57077,71203.24261404385
57078,506198.44099694956
57079,51728.34651391989
57080,529909.9403648245
57081,506878.1543462585
57082,519887.08253402944
57083,451822.88999370177
57084,60848.20725948444
57085,454094.706722608
57086,67173.20770736523
57087,584835.6003432724
57088,495524.0137186851
57089,544851.5771851169
57090,78989.45098894328
57091,81295.36167207207
57092,266569.64059219067
57093,518133.4840463105
57094,555745.326920232
57095,545143.0249695482
57096,451465.8406341232
57097,508219.9799620986
57098,217775.774137629
57099,498207.97929973976
57100,64726.51992968144
57101,573095.1730316436
57102,128446.69478535034
57103,82566.09528118193
57104,175721.95462684546
57105,405975.4492406498
57106,471957.9464754089
57107,512247.9452279466
57108,264783.5607399773
57109,440823.43773146713
57110,49116.60636422815
57111,491979.04485302046
57112,498984.3207976798
57113,461624.90195973014
57114,75678.72771103468
57115,405975.4492406498
57116,486162.483693718
57117,473102.1189388021
57118,588535.1923034907
57119,539739.4187453174
57120,469484.88513057923
57121,49793.89033410835
57122,70372.69201975562
57123,469273.98089435423
57124,120912.05698994131
57125,188376.2028944827
57126,545270.9461102502
57127,77114.203565885
57128,175424.82744164224
57129,64726.51992968144
57130,512762.868856559
57131,555381.0441426283
57132,461624.90195973014
57133,68201.99236461378
57134,63303.010998226004
57135,469273.98089435423
57136,496365.0619111667
57137,118846.7993950352
57138,477862.01858180756
57139,486493.1318519999
57140,513599.23452675034
57141,453142.89299121517
57142,545785.4169768337
57143,55560.66664116293
57144,496844.85265350883
57145,51728.34651391989
57146,408659.4148217045
57147,241791.11222302416
57148,57468.48318162451
57149,84241.02199024777
57150,539941.0248707812
57151,480032.97049391357
57152,547524.5319360729
57153,472168.8507116339
57154,409592.6830488727
57155,512247.9452279466
57156,217120.78874345866
57157,409592.6830488727
57158,512247.9452279466
57159,412667.4017848784
57160,467750.04372693336
57161,529909.9403648245
57162,491979.04485302046
57163,66889.8096931154
57164,477862.01858180756
57165,95944.76089951131
57166,529909.9403648245
57167,506920.68167331297
57168,63718.039815575736
57169,113319.85697903056
57170,70743.69944015493
57171,563581.7084825021
57172,451611.98575747677
57173,527743.5947405851
57174,514734.6665528141
57175,357229.48694886814
57176,204456.71145111133
57177,49273.54277517831
57178,498984.3207976798
57179,254079.58934381237
57180,394068.3836269886
57181,596391.7045100462
57182,560897.7429014475
57183,103095.87850153388
57184,68201.99236461378
57185,418969.23531193304
57186,451611.98575747677
57187,68201.99236461378
57188,504238.6320878231
57189,53151.855445375324
57190,500794.83477271884
57191,539528.5145090924
57192,68201.99236461378
57193,469273.98089435423
57194,463927.1285592423
57195,63303.010998226004
57196,62359.9044202545
57197,173857.75365624268
57198,451611.98575747677
57199,264783.5607399773
57200,512247.9452279466
57201,505615.93301334954
57202,462370.9753570361
57203,573095.1730316436
57204,71626.89742951117
57205,439973.49164905463
57206,473313.0231750271
57207,102859.58177841808
57208,113319.85697903056
57209,463927.1285592423
57210,480912.14407037105
57211,405975.4492406498
57212,447830.00385561003
57213,62698.444400078566
57214,82219.7587290623
57215,496286.73340643774
57216,419180.13954815804
57217,451076.8165963958
57218,546626.5933807674
57219,283500.8611884828
57220,529909.9403648245
57221,427631.90990323335
57222,545143.0249695482
57223,100713.12125398281
57224,131467.4892245157
57225,73481.14300401145
57226,560897.7429014475
57227,52127.471437058986
57228,60848.20725948444
57229,68742.55155698738
57230,61388.76645185804
57231,504144.81179087784
57232,462370.9753570361
57233,451611.98575747677
57234,560897.7429014475
57235,61388.76645185804
57236,541968.1375296392
57237,451611.98575747677
57238,58160.36018389169
57239,563968.0333583839
57240,55715.429028464154
57241,539941.0248707812
57242,472168.8507116339
57243,56627.327880307705
57244,545143.0249695482
57245,456265.0527065833
57246,513652.79605609097
57247,64889.02521344833
57248,76848.84131969194
57249,403001.80278738315
57250,511501.8718306407
57251,547702.0371943264
57252,64889.02521344833
57253,537928.9047702783
57254,523608.0568286302
57255,164588.8606807131
57256,109978.20241960902
57257,68201.99236461378
57258,462370.9753570361
57259,114895.3809413593
57260,469273.98089435423
57261,539941.0248707812
57262,545143.0249695482
57263,452174.1503191628
57264,216099.90229686315
57265,262538.72153865336
57266,451611.98575747677
57267,486373.387929943
57268,126998.30527189045
57269,461624.90195973014
57270,512247.9452279466
57271,394908.54845800047
57272,56627.327880307705
57273,516901.0121770535
57274,81615.19213091486
57275,473313.0231750271
57276,60848.20725948444
57277,451822.88999370177
57278,545785.4169768337
57279,539994.9811650976
57280,527743.5947405851
57281,453142.89299121517
57282,68201.99236461378
57283,469484.88513057923
57284,545785.4169768337
57285,512247.9452279466
57286,162289.3415474952
57287,60848.20725948444
57288,456475.9569428083
57289,463927.1285592423
57290,444520.1112974269
57291,92390.21499562978
57292,545270.9461102502
57293,571182.1535576539
57294,60848.20725948444
57295,451611.98575747677
57296,519887.08253402944
57297,560897.7429014475
57298,272255.4914617793
57299,94903.34357583459
57300,56627.327880307705
57301,64726.51992968144
57302,522571.0481150841
57303,557911.9419400329
57304,451822.88999370177
57305,448518.391884617
57306,543841.0208493875
57307,490387.54717491026
57308,60848.20725948444
57309,207836.08227992686
57310,116548.46893379766
57311,142520.07653482497
57312,178660.98644786724
57313,113319.85697903056
57314,451611.98575747677
57315,71274.2315762551
57316,486493.1318519999
57317,67841.3792896592
57318,451822.88999370177
57319,543841.0208493875
57320,473102.1189388021
57321,451822.88999370177
57322,543841.0208493875
57323,544851.5771851169
57324,512247.9452279466
57325,177696.3322289576
57326,539941.0248707812
57327,53151.855445375324
57328,416523.53460398415
57329,539739.4187453174
57330,588497.7726954772
57331,98356.71083343429
57332,409803.5872850977
57333,558796.4717551668
57334,505615.93301334954
57335,494663.01043407514
57336,525598.3131704616
57337,464437.0051096278
57338,431460.0479476812
57339,49273.54277517831
57340,566688.1787131836
57341,512247.9452279466
57342,514734.6665528141
57343,61473.159525189454
57344,547888.8147136766
57345,506198.44099694956
57346,104726.47211301123
57347,68928.88522414195
57348,545785.4169768337
57349,59471.010046488394
57350,527743.5947405851
57351,405456.6338213348
57352,512247.9452279466
57353,473102.1189388021
57354,63303.010998226004
57355,451611.98575747677
57356,506840.83300423506
57357,416523.53460398415
57358,586750.0939702032
57359,56627.327880307705
57360,451611.98575747677
57361,493237.96220659197
57362,476601.4840909501
57363,477862.01858180756
57364,65024.616709544
57365,472168.8507116339
57366,500583.93053649383
57367,60848.20725948444
57368,506878.1543462585
57369,498341.9287903943
57370,571182.1535576539
57371,464553.67731759173
57372,584851.6812168054
57373,473102.1189388021
57374,467610.63964592764
57375,557911.9419400329
57376,235773.79279523983
57377,456475.9569428083
57378,120912.05698994131
57379,69203.29312861201
57380,217811.9962743414
57381,471957.9464754089
57382,78661.13827675446
57383,66869.71202566137
57384,463927.1285592423
57385,504238.6320878231
57386,521331.0761975858
57387,108834.03347199675
57388,451611.98575747677
57389,521541.98043381074
57390,498341.9287903943
57391,79636.12807371626
57392,98496.60696021312
57393,555381.0441426283
57394,63963.516390697885
57395,571182.1535576539
57396,412132.23262379743
57397,76401.72354055675
57398,394697.64422177547
57399,529909.9403648245
57400,193213.46652384402
57401,461959.45864784665
57402,61073.464839153516
57403,81691.15941241987
57404,571182.1535576539
57405,59088.07599043703
57406,519887.08253402944
57407,532084.5126642258
57408,512247.9452279466
57409,94036.76367027992
57410,451076.8165963958
57411,98496.60696021312
57412,498341.9287903943
57413,560897.7429014475
57414,573095.1730316436
57415,96070.3662996182
57416,451822.88999370177
57417,533738.0784092724
57418,71261.12863046744
57419,120538.70433474828
57420,469273.98089435423
57421,479044.20248757367
57422,512247.9452279466
57423,106578.48437422067
57424,511501.8718306407
57425,68731.20914114606
57426,416523.53460398415
57427,55715.429028464154
57428,49273.54277517831
57429,471957.9464754089
57430,78484.88274858598
57431,456265.0527065833
57432,63084.866256877125
57433,512247.9452279466
57434,464437.0051096278
57435,495524.0137186851
57436,512247.9452279466
57437,533738.0784092724
57438,68201.99236461378
57439,532084.5126642258
57440,412878.3060211034
57441,456265.0527065833
57442,405975.4492406498
57443,422680.31798713177
57444,79760.99409005017
57445,571182.1535576539
57446,422652.7463986184
57447,469484.88513057923
57448,527743.5947405851
57449,539994.9811650976
57450,54884.087987706094
57451,473313.0231750271
57452,122742.19346751376
57453,482478.9726070326
57454,55451.78729280016
57455,543841.0208493875
57456,560897.7429014475
57457,236069.59535395866
57458,545143.0249695482
57459,456475.9569428083
57460,498341.9287903943
57461,73356.27351558022
57462,522571.0481150841
57463,233205.89725696176
57464,506198.44099694956
57465,547524.5319360729
57466,169567.0019855936
57467,141664.7042452744
57468,68201.99236461378
57469,229690.12369986047
57470,54697.924573006705
57471,512247.9452279466
57472,97287.94068904613
57473,580951.6852381991
57474,64726.51992968144
57475,275167.72338175727
57476,419180.13954815804
57477,506198.44099694956
57478,198185.91766161265
57479,65150.8960817102
57480,444834.88079793163
57481,207717.692218284
57482,78989.45098894328
57483,86343.23609407264
57484,483239.78846849804
57485,484457.9962975055
57486,473313.0231750271
57487,487082.74492795276
57488,450865.9123601708
57489,60848.20725948444
57490,469484.88513057923
57491,512247.9452279466
57492,489871.40068416786
57493,498984.3207976798
57494,61350.20400114251
57495,491979.04485302046
57496,71951.15287858342
57497,175932.8588630705
57498,451822.88999370177
57499,74714.01940676058
57500,488798.91422114626
57501,498984.3207976798
57502,132423.384634214
57503,212008.90010615854
57504,488798.91422114626
57505,547581.1090219168
57506,513388.0393042512
57507,519887.08253402944
57508,469273.98089435423
57509,419180.13954815804
57510,405975.4492406498
57511,420881.24388774397
57512,512247.9452279466
57513,67337.06280777475
57514,578456.1577806092
57515,451611.98575747677
57516,56627.327880307705
57517,483861.10853836144
57518,75203.71741833478
57519,461959.45864784665
57520,475467.15185248305
57521,580951.6852381991
57522,176263.98273248962
57523,70085.41511703296
57524,440823.43773146713
57525,521541.98043381074
57526,65616.98574054384
57527,58173.397007939064
57528,156642.1311241352
57529,92754.50087852396
57530,447830.00385561003
57531,62294.819210640126
57532,469484.88513057923
57533,82622.18531548446
57534,532084.5126642258
57535,529909.9403648245
57536,560897.7429014475
57537,451611.98575747677
57538,314102.16073414194
57539,50811.98442535357
57540,451822.88999370177
57541,68201.99236461378
57542,519887.08253402944
57543,486373.387929943
57544,565778.5473334233
57545,84463.64662365103
57546,462970.9036309885
57547,71051.52037756225
57548,473102.1189388021
57549,555381.0441426283
57550,63303.010998226004
57551,60848.20725948444
57552,532084.5126642258
57553,469273.98089435423
57554,512247.9452279466
57555,573095.1730316436
57556,480912.14407037105
57557,512599.205553408
57558,80061.7033293969
57559,198185.91766161265
57560,142805.80334288636
57561,64552.85515863353
57562,477862.01858180756
57563,56242.30092039367
57564,556668.2082956354
57565,63182.379899888096
57566,506198.44099694956
57567,572219.7060781164
57568,63303.010998226004
57569,68511.47625993974
57570,473102.1189388021
57571,469484.88513057923
57572,229953.71662231107
57573,217837.15768923404
57574,592727.3073012893
57575,157641.32556958162
57576,521973.4682048713
57577,514215.07329848345
57578,498984.3207976798
57579,553679.2505254127
57580,539528.5145090924
57581,512247.9452279466
57582,89641.33024328244
57583,60848.20725948444
57584,91850.24750414806
57585,80700.11796366698
57586,506840.83300423506
57587,157641.32556958162
57588,85887.16295493324
57589,68281.30998708011
57590,512781.36066669
57591,56455.80021240519
57592,558796.4717551668
57593,560897.7429014475
57594,70743.69944015493
57595,490387.54717491026
57596,383001.4828443393
57597,532084.5126642258
57598,565778.5473334233
57599,48269.52985557327
57600,519295.37291816814
57601,519075.5844764548
57602,526730.4905575466
57603,419180.13954815804
57604,450865.9123601708
57605,506878.1543462585
57606,75295.95722002443
57607,52127.471437058986
57608,136043.96550500835
57609,473102.1189388021
57610,280841.7143920409
57611,525925.5769146435
57612,172923.0269224509
57613,512247.9452279466
57614,451676.7448703482
57615,491979.04485302046
57616,539994.9811650976
57617,153220.27482678066
57618,547851.493371653
57619,572399.4093496158
57620,72533.07456076705
57621,49793.89033410835
57622,217049.85698926626
57623,60848.20725948444
57624,63193.55361159757
57625,118969.87767386058
57626,68201.99236461378
57627,135345.06303523525
57628,411921.32838757243
57629,517785.4942509135
57630,513652.79605609097
57631,483239.78846849804
57632,555745.326920232
57633,527743.5947405851
57634,60848.20725948444
57635,491979.04485302046
57636,142873.77287406885
57637,68024.64261674274
57638,571438.2206890576
57639,563299.8205113052
57640,506840.83300423506
57641,529909.9403648245
57642,81621.94704918013
57643,450865.9123601708
57644,69580.00867013064
57645,545143.0249695482
57646,473313.0231750271
57647,499352.15176313295
57648,68201.99236461378
57649,451611.98575747677
57650,62964.47101840194
57651,486704.0360882249
57652,71766.53337257252
57653,513652.79605609097
57654,527743.5947405851
57655,477862.01858180756
57656,419180.13954815804
57657,122562.01005444556
57658,56627.327880307705
57659,430540.30115798087
57660,545143.0249695482
57661,210520.04786098155
57662,512589.3849826907
57663,227392.47881097454
57664,456475.9569428083
57665,60848.20725948444
57666,450865.9123601708
57667,469273.98089435423
57668,68201.99236461378
57669,87982.37862103154
57670,498341.9287903943
57671,495524.0137186851
57672,465299.7507148977
57673,512247.9452279466
57674,66294.61523435288
57675,463927.1285592423
57676,519887.08253402944
57677,60848.20725948444
57678,451611.98575747677
57679,473102.1189388021
57680,500794.83477271884
57681,155569.4255641551
57682,84463.64662365103
57683,217837.15768923404
57684,56627.327880307705
57685,451822.88999370177
57686,527743.5947405851
57687,469273.98089435423
57688,539994.9811650976
57689,221319.50945917287
57690,528432.2841747621
57691,519887.08253402944
57692,539941.0248707812
57693,72596.10120889259
57694,465088.8464786727
57695,563968.0333583839
57696,57603.703891150646
57697,469273.98089435423
57698,213087.94339925962
57699,588535.1923034907
57700,141275.87639466033
57701,145783.60709802195
57702,67801.44595623564
57703,498341.9287903943
57704,51728.34651391989
57705,544851.5771851169
57706,157186.96481068694
57707,480032.97049391357
57708,539941.0248707812
57709,86198.44326636531
57710,512247.9452279466
57711,182007.8526579559
57712,106077.94695909336
57713,512247.9452279466
57714,451822.88999370177
57715,68201.99236461378
57716,203338.41366052305
57717,451822.88999370177
57718,60848.20725948444
57719,467750.04372693336
57720,473102.1189388021
57721,498341.9287903943
57722,514734.6665528141
57723,56455.80021240519
57724,90437.61091397745
57725,519887.08253402944
57726,244756.52620321186
57727,539528.5145090924
57728,63203.580667871014
57729,529909.9403648245
57730,63619.57469240803
57731,72929.01274833686
57732,68201.99236461378
57733,516901.0121770535
57734,61388.76645185804
57735,498341.9287903943
57736,568754.2551080029
57737,53743.41721580289
57738,530427.5603216396
57739,486704.0360882249
57740,469484.88513057923
57741,506198.44099694956
57742,512247.9452279466
57743,512138.2144751495
57744,60848.20725948444
57745,48789.87741450328
57746,88941.43348200961
57747,451611.98575747677
57748,80691.19589312951
57749,50806.57507876228
57750,592727.3073012893
57751,65778.3306067108
57752,68742.55155698738
57753,85462.37636173435
57754,498984.3207976798
57755,539941.0248707812
57756,547581.1090219168
57757,469484.88513057923
57758,211797.9958699335
57759,187348.89725975966
57760,519887.08253402944
57761,473922.2690099
57762,58160.36018389169
57763,72896.72293145198
57764,532084.5126642258
57765,512247.9452279466
57766,463927.1285592423
57767,451822.88999370177
57768,557911.9419400329
57769,68928.88522414195
57770,480032.97049391357
57771,451611.98575747677
57772,483861.10853836144
57773,500794.83477271884
57774,473313.0231750271
57775,405764.5450044248
57776,508729.0054313635
57777,166042.1182016149
57778,71746.44284406186
57779,506198.44099694956
57780,53151.855445375324
57781,195243.64215370364
57782,451076.8165963958
57783,174409.2970948677
57784,495807.18289746833
57785,545143.0249695482
57786,55715.429028464154
57787,73629.60498464172
57788,473313.0231750271
57789,65778.3306067108
57790,75177.87371418999
57791,84438.03103100932
57792,451676.7448703482
57793,56455.80021240519
57794,137928.4330029267
57795,49273.54277517831
57796,237139.4449926179
57797,513652.79605609097
57798,545143.0249695482
57799,63843.57019059962
57800,408448.5105854795
57801,563082.2458724569
57802,63007.02004833195
57803,506198.44099694956
57804,545143.0249695482
57805,451611.98575747677
57806,412667.4017848784
57807,93552.41033856606
57808,56627.327880307705
57809,62599.014069723606
57810,121501.32195009587
57811,541968.1375296392
57812,440823.43773146713
57813,68742.55155698738
57814,70743.69944015493
57815,469484.88513057923
57816,111769.98061312333
57817,535578.5323898826
57818,71284.25863252854
57819,442657.4572301093
57820,451822.88999370177
57821,93180.23226830177
57822,469484.88513057923
57823,180286.44273313705
57824,521331.0761975858
57825,452422.81826765416
57826,460027.4339858062
57827,440836.60021074157
57828,529909.9403648245
57829,527743.5947405851
57830,453142.89299121517
57831,571182.1535576539
57832,519887.08253402944
57833,68201.99236461378
57834,439973.49164905463
57835,87643.64667355975
57836,104485.92205354947
57837,545143.0249695482
57838,67382.81596027043
57839,456265.0527065833
57840,496603.41638237925
57841,469273.98089435423
57842,283368.99023762386
57843,471783.6407657977
57844,469273.98089435423
57845,451822.88999370177
57846,52127.471437058986
57847,512247.9452279466
57848,74825.34951070539
57849,533738.0784092724
57850,545143.0249695482
57851,60649.16640158666
57852,413478.2342950558
57853,451611.98575747677
57854,451822.88999370177
57855,470132.89175626787
57856,511501.8718306407
57857,166465.6941530965
57858,51123.458517453924
57859,539994.9811650976
57860,56627.327880307705
57861,500555.12100113777
57862,532084.5126642258
57863,560897.7429014475
57864,447830.00385561003
57865,565778.5473334233
57866,512247.9452279466
57867,63404.68889907876
57868,512247.9452279466
57869,63963.516390697885
57870,451822.88999370177
57871,514734.6665528141
57872,109130.06462741055
57873,68201.99236461378
57874,527743.5947405851
57875,215294.40247511462
57876,451611.98575747677
57877,63843.57019059962
57878,469273.98089435423
57879,96070.3662996182
57880,547209.1013643675
57881,475467.15185248305
57882,49273.54277517831
57883,516901.0121770535
57884,559390.16402501
57885,236928.54075639287
57886,121069.40926393699
57887,511501.8718306407
57888,67322.01692127714
57889,51728.34651391989
57890,105409.46504994086
57891,141468.12191565806
57892,477115.9451845016
57893,503267.8961175485
57894,566688.1787131836
57895,451822.88999370177
57896,55814.00483920591
57897,106470.54796356011
57898,428805.459754335
57899,472168.8507116339
57900,367723.5277585794
57901,476601.4840909501
57902,447830.00385561003
57903,498984.3207976798
57904,85618.02042670724
57905,508468.64791058993
57906,109578.91267553966
57907,422863.6506348434
57908,412667.4017848784
57909,56455.80021240519
57910,60848.20725948444
57911,56455.80021240519
57912,519887.08253402944
57913,451822.88999370177
57914,532593.9059458792
57915,444834.88079793163
57916,506198.44099694956
57917,498341.9287903943
57918,405975.4492406498
57919,62129.00616369504
57920,529909.9403648245
57921,588535.1923034907
57922,78204.88274067624
57923,447830.00385561003
57924,462370.9753570361
57925,541368.6510647838
57926,509062.6573172681
57927,451611.98575747677
57928,493789.17231503915
57929,543841.0208493875
57930,521331.0761975858
57931,62599.014069723606
57932,49273.54277517831
57933,514734.6665528141
57934,567942.7570504282
57935,63303.010998226004
57936,405975.4492406498
57937,462370.9753570361
57938,457497.5245758406
57939,81574.08644337952
57940,468285.2128880143
57941,54043.51777052961
57942,287331.9197411321
57943,532084.5126642258
57944,560897.7429014475
57945,56627.327880307705
57946,76861.28752431962
57947,512247.9452279466
57948,457497.5245758406
57949,496250.84324683074
57950,529909.9403648245
57951,512412.5165180488
57952,527743.5947405851
57953,81613.84761088666
57954,229690.12369986047
57955,420351.672648432
57956,545143.0249695482
57957,512247.9452279466
57958,161690.75189478867
57959,79845.28179511217
57960,506878.1543462585
57961,535789.4366261075
57962,405975.4492406498
57963,512247.9452279466
57964,56627.327880307705
57965,101710.59560214746
57966,512247.9452279466
57967,480032.97049391357
57968,502970.11901526427
57969,60848.20725948444
57970,506840.83300423506
57971,173030.7164564896
57972,539352.5891578121
57973,63619.57469240803
57974,64726.51992968144
57975,469205.39770707564
57976,75295.95722002443
57977,545785.4169768337
57978,165366.59789696752
57979,512247.9452279466
57980,469273.98089435423
57981,43352.00408082252
57982,500555.12100113777
57983,402790.89855115814
57984,49116.60636422815
57985,451076.8165963958
57986,339500.2844199088
57987,512247.9452279466
57988,539739.4187453174
57989,512247.9452279466
57990,547888.8147136766
57991,56627.327880307705
57992,60848.20725948444
57993,512781.36066669
57994,469484.88513057923
57995,137665.52413516244
57996,543841.0208493875
57997,62501.6766093304
57998,533738.0784092724
57999,141159.1463383423
58000,560897.7429014475
58001,500555.12100113777
58002,560897.7429014475
58003,469273.98089435423
58004,52303.09176050514
58005,418969.23531193304
58006,584851.6812168054
58007,511501.8718306407
58008,533738.0784092724
58009,460027.4339858062
58010,62501.6766093304
58011,63303.010998226004
58012,545060.0418740252
58013,533738.0784092724
58014,102884.97426530885
58015,533738.0784092724
58016,545785.4169768337
58017,451428.07692185685
58018,64956.48034807198
58019,543841.0208493875
58020,547758.5733413753
58021,484363.96745813655
58022,60784.1998537106
58023,539352.5891578121
58024,544851.5771851169
58025,94678.94934047788
58026,513177.1350680264
58027,483861.10853836144
58028,60848.20725948444
58029,63004.53980997324
58030,81421.65220218882
58031,73478.9165778571
58032,477862.01858180756
58033,450865.9123601708
58034,506840.83300423506
58035,469416.30194330064
58036,68054.2149360033
58037,451611.98575747677
58038,49793.89033410835
58039,58173.397007939064
58040,225501.5135159349
58041,56627.327880307705
58042,67519.11036067654
58043,543841.0208493875
58044,512247.9452279466
58045,58160.36018389169
58046,512247.9452279466
58047,51123.458517453924
58048,75020.36305065613
58049,469273.98089435423
58050,418969.23531193304
58051,125520.64059248733
58052,473313.0231750271
58053,58861.34457091365
58054,512247.9452279466
58055,500957.47716222116
58056,129454.06349847872
58057,94868.11919195547
58058,529909.9403648245
58059,117321.64232971605
58060,419180.13954815804
58061,456265.0527065833
58062,49273.54277517831
58063,244756.52620321186
58064,125375.79641178792
58065,514734.6665528141
58066,579803.2131434081
58067,545143.0249695482
58068,77882.04882371635
58069,181891.92978938457
58070,572219.7060781164
58071,158176.41564018856
58072,469484.88513057923
58073,447830.00385561003
58074,71261.92763314817
58075,473313.0231750271
58076,545143.0249695482
58077,563581.7084825021
58078,512247.9452279466
58079,51123.458517453924
58080,82688.41115793085
58081,555381.0441426283
58082,88876.6290986515
58083,60848.20725948444
58084,518133.4840463105
58085,157186.96481068694
58086,566688.1787131836
58087,76336.83422712953
58088,122368.26906702359
58089,473313.0231750271
58090,451611.98575747677
58091,462370.9753570361
58092,132423.384634214
58093,506840.83300423506
58094,157186.96481068694
58095,430540.30115798087
58096,555381.0441426283
58097,514140.6571461359
58098,73356.27351558022
58099,80809.345003364
58100,276545.6107486651
58101,480032.97049391357
58102,547209.1013643675
58103,456265.0527065833
58104,506878.1543462585
58105,548223.5010292022
58106,545270.9461102502
58107,75167.46685199066
58108,545143.0249695482
58109,469484.88513057923
58110,464685.67305811914
58111,429728.2249114924
58112,543841.0208493875
58113,68201.99236461378
58114,483861.10853836144
58115,537987.660739608
58116,122516.44089859336
58117,451611.98575747677
58118,521331.0761975858
58119,470132.89175626787
58120,560897.7429014475
58121,447830.00385561003
58122,451611.98575747677
58123,49273.54277517831
58124,592708.1934233608
58125,272013.157017159
58126,63103.97014032822
58127,79581.56385526757
58128,73076.74184916115
58129,180286.44273313705
58130,471957.9464754089
58131,68826.94463031879
58132,165578.7386012284
58133,314364.57609852264
58134,554977.0657174101
58135,486704.0360882249
58136,146763.00236514263
58137,541968.1375296392
58138,480032.97049391357
58139,486162.483693718
58140,465299.7507148977
58141,482386.4922249876
58142,477115.9451845016
58143,451611.98575747677
58144,181449.7123708533
58145,357229.48694886814
58146,468981.1655505237
58147,405764.5450044248
58148,476971.24208485486
58149,83981.45573310116
58150,422863.6506348434
58151,522184.37244109623
58152,547888.8147136766
58153,503267.8961175485
58154,483861.10853836144
58155,560897.7429014475
58156,469416.30194330064
58157,500555.12100113777
58158,420351.672648432
58159,519887.08253402944
58160,81058.58076503161
58161,105557.77155255788
58162,173030.7164564896
58163,512247.9452279466
58164,483239.78846849804
58165,480032.97049391357
58166,74714.01940676058
58167,136043.96550500835
58168,65778.3306067108
58169,115155.55623235325
58170,474736.9250720084
58171,451076.8165963958
58172,592727.3073012893
58173,130672.88513522419
58174,78744.28629412994
58175,162289.3415474952
58176,499352.15176313295
58177,555381.0441426283
58178,573956.2967530303
58179,462370.9753570361
58180,116497.58672667714
58181,62663.02147549741
58182,473102.1189388021
58183,413301.22020222613
58184,566688.1787131836
58185,69681.24249159923
58186,464342.77308136673
58187,469484.88513057923
58188,519887.08253402944
58189,519980.74502305867
58190,505615.93301334954
58191,544851.5771851169
58192,61180.57611510458
58193,61678.03143730096
58194,517647.0855743594
58195,81742.59264066855
58196,456475.9569428083
58197,52968.62673837579
58198,571824.5455649394
58199,469484.88513057923
58200,486704.0360882249
58201,512247.9452279466
58202,469273.98089435423
58203,513388.0393042512
58204,451611.98575747677
58205,75495.9282690843
58206,115617.90665422841
58207,161785.79258543957
58208,277864.1567678285
58209,451611.98575747677
58210,60848.20725948444
58211,513388.0393042512
58212,539941.0248707812
58213,489005.3983997538
58214,73356.27351558022
58215,476601.4840909501
58216,498341.9287903943
58217,49793.89033410835
58218,56627.327880307705
58219,81590.06863864366
58220,451611.98575747677
58221,499352.15176313295
58222,477862.01858180756
58223,504333.3537480478
58224,465088.8464786727
58225,58173.397007939064
58226,519887.08253402944
58227,82219.7587290623
58228,529909.9403648245
58229,62170.62426594672
58230,571310.0746983561
58231,522571.0481150841
58232,461334.2882001544
58233,521541.98043381074
58234,522184.37244109623
58235,495807.18289746833
58236,467750.04372693336
58237,496365.0619111667
58238,68201.99236461378
58239,461624.90195973014
58240,543841.0208493875
58241,539739.4187453174
58242,56627.327880307705
58243,95944.76089951131
58244,62104.9576323971
58245,54711.416108859106
58246,51123.458517453924
58247,573095.1730316436
58248,531514.9246240442
58249,500794.83477271884
58250,469484.88513057923
58251,76935.99068628944
58252,207836.08227992686
58253,554228.4308533475
58254,533738.0784092724
58255,451076.8165963958
58256,68201.99236461378
58257,61388.76645185804
58258,50120.61928383322
58259,80985.50204049621
58260,60848.20725948444
58261,522184.37244109623
58262,142979.99361451244
58263,505615.93301334954
58264,208046.9865161519
58265,464342.77308136673
58266,69553.83748984696
58267,543841.0208493875
58268,469484.88513057923
58269,439973.49164905463
58270,418969.23531193304
58271,487575.00234872295
58272,572399.4093496158
58273,555381.0441426283
58274,419180.13954815804
58275,473102.1189388021
58276,54202.826878986016
58277,473102.1189388021
58278,535195.4272194294
58279,498984.3207976798
58280,571310.0746983561
58281,56038.57415304483
58282,512095.1442943785
58283,178196.2510387892
58284,149621.51587218547
58285,496655.42642770166
58286,51728.34651391989
58287,477862.01858180756
58288,49273.54277517831
58289,539739.4187453174
58290,476660.81101463956
58291,504238.6320878231
58292,51728.34651391989
58293,71465.62918364412
58294,64121.953331533994
58295,524862.0603438731
58296,598258.8346662221
58297,532084.5126642258
58298,480032.97049391357
58299,491338.87930300354
58300,56455.80021240519
58301,83996.3266355857
58302,506840.83300423506
58303,498984.3207976798
58304,500555.12100113777
58305,154317.76534765272
58306,500555.12100113777
58307,442657.4572301093
58308,498341.9287903943
58309,67464.95487255024
58310,84142.34917367014
58311,512247.9452279466
58312,160133.44917736627
58313,77257.74538386828
58314,56627.327880307705
58315,560897.7429014475
58316,68201.99236461378
58317,80665.67158165343
58318,137793.37687924804
58319,209140.5852796972
58320,521541.98043381074
58321,529909.9403648245
58322,53277.84190908073
58323,149951.08228362032
58324,521541.98043381074
58325,463927.1285592423
58326,64726.51992968144
58327,469273.98089435423
58328,545060.0418740252
58329,60756.826256389504
58330,154811.01081835985
58331,555381.0441426283
58332,539739.4187453174
58333,506840.83300423506
58334,545143.0249695482
58335,68201.99236461378
58336,539528.5145090924
58337,596391.7045100462
58338,128257.69023888427
58339,60848.20725948444
58340,75658.5838144139
58341,462370.9753570361
58342,433078.6740179401
58343,539941.0248707812
58344,107564.21934194762
58345,68201.99236461378
58346,451611.98575747677
58347,76370.35089962588
58348,500794.83477271884
58349,506878.1543462585
58350,60848.20725948444
58351,519887.08253402944
58352,85462.37636173435
58353,50986.80410597692
58354,367723.5277585794
58355,81524.82956670328
58356,498341.9287903943
58357,68002.951506716
58358,52127.471437058986
58359,63193.55361159757
58360,91602.95110254375
58361,506840.83300423506
58362,467528.6108755743
58363,477862.01858180756
58364,461959.45864784665
58365,519887.08253402944
58366,522871.6681274875
58367,553679.2505254127
58368,51123.458517453924
58369,467024.0423061426
58370,543841.0208493875
58371,477862.01858180756
58372,527743.5947405851
58373,70547.33871672695
58374,519887.08253402944
58375,78204.88274067624
58376,451822.88999370177
58377,90741.2179081358
58378,450865.9123601708
58379,71284.25863252854
58380,553679.2505254127
58381,194179.05192136564
58382,477115.9451845016
58383,93358.22076563623
58384,451822.88999370177
58385,529909.9403648245
58386,539528.5145090924
58387,422652.7463986184
58388,90390.17941529206
58389,71914.27287401378
58390,547851.493371653
58391,469484.88513057923
58392,451822.88999370177
58393,479285.4496720048
58394,486373.387929943
58395,472168.8507116339
58396,63303.010998226004
58397,60848.20725948444
58398,514734.6665528141
58399,469273.98089435423
58400,467910.03569510684
58401,533738.0784092724
58402,462370.9753570361
58403,60848.20725948444
58404,469484.88513057923
58405,451822.88999370177
58406,451076.8165963958
58407,49273.54277517831
58408,544851.5771851169
58409,512247.9452279466
58410,56627.327880307705
58411,63843.57019059962
58412,81295.36167207207
58413,505615.93301334954
58414,506198.44099694956
58415,481637.9547531332
58416,551697.533055943
58417,451611.98575747677
58418,529909.9403648245
58419,416523.53460398415
58420,469484.88513057923
58421,168155.38365608052
58422,512247.9452279466
58423,63619.57469240803
58424,519887.08253402944
58425,473313.0231750271
58426,469484.88513057923
58427,518133.4840463105
58428,451611.98575747677
58429,220702.46105276025
58430,469273.98089435423
58431,56455.80021240519
58432,67439.91829538252
58433,467910.03569510684
58434,474947.8293082334
58435,71766.53337257252
58436,539739.4187453174
58437,198164.69442584465
58438,55635.83304070236
58439,506198.44099694956
58440,514734.6665528141
58441,450865.9123601708
58442,75598.3601149379
58443,141468.12191565806
58444,473102.1189388021
58445,573095.1730316436
58446,588535.1923034907
58447,444623.97656170663
58448,553679.2505254127
58449,463927.1285592423
58450,419207.50018503884
58451,513388.0393042512
58452,483861.10853836144
58453,98063.27733479542
58454,61339.49740390946
58455,500555.12100113777
58456,498341.9287903943
58457,498984.3207976798
58458,56627.327880307705
58459,175721.95462684546
58460,511501.8718306407
58461,547524.5319360729
58462,57468.48318162451
58463,506878.1543462585
58464,545143.0249695482
58465,451822.88999370177
58466,63303.010998226004
58467,512247.9452279466
58468,539994.9811650976
58469,551697.533055943
58470,545143.0249695482
58471,529909.9403648245
58472,529909.9403648245
58473,450865.9123601708
58474,70743.69944015493
58475,48789.87741450328
58476,505615.93301334954
58477,511501.8718306407
58478,473313.0231750271
58479,506878.1543462585
58480,473313.0231750271
58481,60498.49951438345
58482,62183.33452759216
58483,529909.9403648245
58484,441088.3865213152
58485,541968.1375296392
58486,416523.53460398415
58487,68505.56965041929
58488,563968.0333583839
58489,408659.4148217045
58490,441034.34196769213
58491,100631.55465391424
58492,482716.93607496825
58493,469273.98089435423
58494,439973.49164905463
58495,184696.03015580474
58496,539528.5145090924
58497,451822.88999370177
58498,571824.5455649394
58499,506878.1543462585
58500,137313.13003001394
58501,498341.9287903943
58502,69553.83748984696
58503,451822.88999370177
58504,588535.1923034907
58505,49273.54277517831
58506,51123.458517453924
58507,69628.01144610682
58508,76935.99068628944
58509,83109.36055397971
58510,519887.08253402944
58511,73169.9517755173
58512,58160.36018389169
58513,128336.37295388714
58514,112754.66368768094
58515,573095.1730316436
58516,64726.51992968144
58517,149329.5714458409
58518,391542.58070788445
58519,163395.21803072156
58520,544851.5771851169
58521,405975.4492406498
58522,571182.1535576539
58523,56627.327880307705
58524,526730.4905575466
58525,547524.5319360729
58526,473313.0231750271
58527,71985.34912448343
58528,483861.10853836144
58529,571824.5455649394
58530,539528.5145090924
58531,573095.1730316436
58532,54684.8877489593
58533,541805.4951401368
58534,79636.12807371626
58535,469273.98089435423
58536,553679.2505254127
58537,531514.9246240442
58538,56627.327880307705
58539,471783.6407657977
58540,71261.92763314817
58541,473102.1189388021
58542,527743.5947405851
58543,556816.550059187
58544,491979.04485302046
58545,547581.1090219168
58546,498341.9287903943
58547,60756.826256389504
58548,573095.1730316436
58549,469273.98089435423
58550,140037.06153751625
58551,532084.5126642258
58552,49273.54277517831
58553,244756.52620321186
58554,451611.98575747677
58555,513288.80345653504
58556,473102.1189388021
58557,89221.32871921327
58558,477862.01858180756
58559,452170.9217792508
58560,537987.660739608
58561,49273.54277517831
58562,63203.580667871014
58563,51728.34651391989
58564,477862.01858180756
58565,512247.9452279466
58566,451822.88999370177
58567,467610.63964592764
58568,547851.493371653
58569,519887.08253402944
58570,473102.1189388021
58571,409803.5872850977
58572,419180.13954815804
58573,560897.7429014475
58574,92870.4356222328
58575,178196.2510387892
58576,462315.056295174
58577,473313.0231750271
58578,477862.01858180756
58579,506878.1543462585
58580,527743.5947405851
58581,439973.49164905463
58582,440836.60021074157
58583,177800.29353418679
58584,469273.98089435423
58585,513480.3130702481
58586,524250.4488359158
58587,506878.1543462585
58588,463927.1285592423
58589,528921.1723584845
58590,523514.0601347731
58591,539941.0248707812
58592,164761.9617996496
58593,56627.327880307705
58594,144049.14604223694
58595,191292.01181776662
58596,63404.68889907876
58597,532593.9059458792
58598,56627.327880307705
58599,124768.78243791088
58600,512247.9452279466
58601,512247.9452279466
58602,498984.3207976798
58603,469484.88513057923
58604,68324.3186259945
58605,471957.9464754089
58606,146598.10744881234
58607,49273.54277517831
58608,519887.08253402944
58609,460027.4339858062
58610,412272.5887130335
58611,66392.19890978762
58612,522184.37244109623
58613,155560.09198579344
58614,148395.9613897058
58615,652377.4013549747
58616,451611.98575747677
58617,60848.20725948444
58618,83121.0159409177
58619,49273.54277517831
58620,488798.91422114626
58621,500555.12100113777
58622,451465.8406341232
58623,518021.5225737501
58624,473313.0231750271
58625,477862.01858180756
58626,120812.51745755365
58627,173030.7164564896
58628,512247.9452279466
58629,451611.98575747677
58630,524406.1967541295
58631,451822.88999370177
58632,272255.4914617793
58633,48269.52985557327
58634,59972.71289145081
58635,56627.327880307705
58636,49793.89033410835
58637,232198.26451900954
58638,451611.98575747677
58639,500555.12100113777
58640,545143.0249695482
58641,422863.6506348434
58642,529909.9403648245
58643,119737.41799711234
58644,592727.3073012893
58645,512247.9452279466
58646,80946.65191837892
58647,456475.9569428083
58648,49273.54277517831
58649,451611.98575747677
58650,498207.97929973976
58651,512412.5165180488
58652,527743.5947405851
58653,584870.7950947338
58654,514734.6665528141
58655,49273.54277517831
58656,83981.45573310116
58657,469484.88513057923
58658,487785.9065849479
58659,539941.0248707812
58660,61388.76645185804
58661,253250.4929387605
58662,170906.7384511543
58663,49273.54277517831
58664,560897.7429014475
58665,51123.458517453924
58666,229690.12369986047
58667,545785.4169768337
58668,101442.22179147149
58669,539352.5891578121
58670,498984.3207976798
58671,59111.30547563475
58672,447830.00385561003
58673,571310.0746983561
58674,469484.88513057923
58675,498984.3207976798
58676,563325.6413510984
58677,512781.36066669
58678,506840.83300423506
58679,527743.5947405851
58680,571182.1535576539
58681,155955.53840376725
58682,529909.9403648245
58683,451611.98575747677
58684,476601.4840909501
58685,512247.9452279466
58686,451822.88999370177
58687,498341.9287903943
58688,408448.5105854795
58689,532084.5126642258
58690,539352.5891578121
58691,50806.57507876228
58692,506878.1543462585
58693,506840.83300423506
58694,506284.14493958035
58695,501896.58927609946
58696,118697.7964524707
58697,288369.29138481774
58698,419180.13954815804
58699,83514.23430517307
58700,529909.9403648245
58701,584851.6812168054
58702,508411.6332076932
58703,473102.1189388021
58704,527743.5947405851
58705,60848.20725948444
58706,225301.51633231525
58707,56627.327880307705
58708,49793.89033410835
58709,522871.6681274875
58710,64726.51992968144
58711,163395.21803072156
58712,56627.327880307705
58713,471957.9464754089
58714,566688.1787131836
58715,543841.0208493875
58716,504238.6320878231
58717,532084.5126642258
58718,573095.1730316436
58719,60848.20725948444
58720,60848.20725948444
58721,500583.93053649383
58722,566688.1787131836
58723,511501.8718306407
58724,61388.76645185804
58725,513599.23452675034
58726,451822.88999370177
58727,462370.9753570361
58728,500555.12100113777
58729,66283.63369700203
58730,121700.9700642209
58731,314364.57609852264
58732,457708.4288120656
58733,573095.1730316436
58734,498341.9287903943
58735,49793.89033410835
58736,451822.88999370177
58737,506840.83300423506
58738,565180.5998367461
58739,83280.76248281838
58740,469273.98089435423
58741,451822.88999370177
58742,50811.98442535357
58743,450865.9123601708
58744,64726.51992968144
58745,66188.91654271276
58746,451076.8165963958
58747,533738.0784092724
58748,452422.81826765416
58749,498984.3207976798
58750,195242.562377803
58751,519887.08253402944
58752,480032.97049391357
58753,574581.4672007225
58754,473102.1189388021
58755,66869.71202566137
58756,117025.41852961102
58757,562458.6441073716
58758,226141.6201351415
58759,463927.1285592423
58760,70743.69944015493
58761,56455.80021240519
58762,412667.4017848784
58763,532084.5126642258
58764,211797.9958699335
58765,512247.9452279466
58766,419180.13954815804
58767,60243.640661337005
58768,544851.5771851169
58769,89380.65794708492
58770,68201.99236461378
58771,419180.13954815804
58772,60848.20725948444
58773,529909.9403648245
58774,82665.93572911248
58775,471550.9615253986
58776,471957.9464754089
58777,498341.9287903943
58778,547581.1090219168
58779,50986.80410597692
58780,584851.6812168054
58781,114684.47670513426
58782,533738.0784092724
58783,208840.84713392815
58784,512247.9452279466
58785,554588.4834887796
58786,573095.1730316436
58787,64468.52245630463
58788,554002.925270333
58789,469273.98089435423
58790,56455.80021240519
58791,521331.0761975858
58792,543841.0208493875
58793,69681.24249159923
58794,514734.6665528141
58795,473313.0231750271
58796,244521.82365794768
58797,215572.72954305995
58798,63182.379899888096
58799,48789.87741450328
58800,60848.20725948444
58801,65434.38890842095
58802,509479.7949362209
58803,469484.88513057923
58804,526730.4905575466
58805,84156.31321611458
58806,160047.2778381482
58807,498341.9287903943
58808,588535.1923034907
58809,140321.3557831204
58810,78504.76991457958
58811,519887.08253402944
58812,469484.88513057923
58813,559390.4811618449
58814,124331.44677254479
58815,552769.6191456524
58816,473313.0231750271
58817,405975.4492406498
58818,500555.12100113777
58819,60848.20725948444
58820,236583.27839875306
58821,405975.4492406498
58822,498984.3207976798
58823,451611.98575747677
58824,56627.327880307705
58825,412132.23262379743
58826,473102.1189388021
58827,84453.65318677726
58828,451076.8165963958
58829,532084.5126642258
58830,48789.87741450328
58831,62663.02147549741
58832,457708.4288120656
58833,500957.47716222116
58834,290194.3892160249
58835,60848.20725948444
58836,102092.03657891104
58837,528605.0804205412
58838,461624.90195973014
58839,528175.0989611786
58840,82412.78379266328
58841,173857.75365624268
58842,48269.52985557327
58843,451611.98575747677
58844,451822.88999370177
58845,506878.1543462585
58846,100713.12125398281
58847,64726.51992968144
58848,506198.44099694956
58849,512247.9452279466
58850,131954.56760312925
58851,63303.010998226004
58852,477862.01858180756
58853,92372.45575348022
58854,68505.56965041929
58855,439973.49164905463
58856,519887.08253402944
58857,68928.88522414195
58858,92408.1753591596
58859,473102.1189388021
58860,468917.57375907694
58861,470343.7959924929
58862,451611.98575747677
58863,543841.0208493875
58864,532084.5126642258
58865,573095.1730316436
58866,580951.6852381991
58867,108163.83440098893
58868,130907.79653257485
58869,87432.74243733475
58870,511501.8718306407
58871,215091.8085565743
58872,483861.10853836144
58873,54684.8877489593
58874,574581.4672007225
58875,58160.36018389169
58876,529909.9403648245
58877,420881.24388774397
58878,440823.43773146713
58879,462370.9753570361
58880,217183.91661908338
58881,49793.89033410835
58882,469484.88513057923
58883,532084.5126642258
58884,532084.5126642258
58885,94001.81425404249
58886,483861.10853836144
58887,584851.6812168054
58888,451822.88999370177
58889,148938.849339064
58890,508729.0054313635
58891,499352.15176313295
58892,208046.9865161519
58893,451822.88999370177
58894,532084.5126642258
58895,60848.20725948444
58896,545143.0249695482
58897,461624.90195973014
58898,506840.83300423506
58899,79615.5631774915
58900,71815.51925767395
58901,100713.12125398281
58902,451611.98575747677
58903,405975.4492406498
58904,592727.3073012893
58905,469273.98089435423
58906,430329.39692175586
58907,451611.98575747677
58908,451076.8165963958
58909,514734.6665528141
58910,573095.1730316436
58911,506840.83300423506
58912,504238.6320878231
58913,68826.94463031879
58914,469273.98089435423
58915,554977.0657174101
58916,294955.131464303
58917,61678.03143730096
58918,547888.8147136766
58919,499352.15176313295
58920,367934.4319948044
58921,70553.22311234672
58922,451611.98575747677
58923,476601.4840909501
58924,461624.90195973014
58925,183467.96793264244
58926,84521.58475809204
58927,50806.57507876228
58928,72016.53677057609
58929,178196.2510387892
58930,527743.5947405851
58931,64121.953331533994
58932,54543.03934129395
58933,82130.62783101726
58934,469273.98089435423
58935,451611.98575747677
58936,60848.20725948444
58937,61826.617408498954
58938,272407.57930804195
58939,506840.83300423506
58940,72691.02801142148
58941,566688.1787131836
58942,506878.1543462585
58943,500794.83477271884
58944,483239.78846849804
58945,450865.9123601708
58946,571824.5455649394
58947,553679.2505254127
58948,61189.72559396027
58949,526519.5863213217
58950,545785.4169768337
58951,451822.88999370177
58952,451217.17268563184
58953,512247.9452279466
58954,579124.3697068403
58955,573797.701929481
58956,64121.953331533994
58957,229677.66706526946
58958,512589.3849826907
58959,539994.9811650976
58960,484457.9962975055
58961,512247.9452279466
58962,217260.7612254913
58963,506840.83300423506
58964,173527.00673210123
58965,557911.9419400329
58966,529909.9403648245
58967,60848.20725948444
58968,66705.38366245264
58969,529909.9403648245
58970,539739.4187453174
58971,472168.8507116339
58972,56230.956876590666
58973,533738.0784092724
58974,587659.7253499635
58975,559390.4811618449
58976,59972.71289145081
58977,137102.2257937889
58978,461959.45864784665
58979,504408.297194689
58980,537286.5127629928
58981,440823.43773146713
58982,477862.01858180756
58983,547851.493371653
58984,519887.08253402944
58985,49273.54277517831
58986,111639.74505011056
58987,173030.7164564896
58988,68742.55155698738
58989,75495.9282690843
58990,521541.98043381074
58991,175932.8588630705
58992,500957.47716222116
58993,126214.33615680873
58994,254615.5724606664
58995,473313.0231750271
58996,473313.0231750271
58997,185525.83571800767
58998,96155.66513573637
58999,68742.55155698738
59000,524978.7325518371
59001,571824.5455649394
59002,145783.60709802195
59003,153009.37059055563
59004,532084.5126642258
59005,539941.0248707812
59006,447765.7294077269
59007,451822.88999370177
59008,43352.00408082252
59009,83018.73417131849
59010,430329.39692175586
59011,521973.4682048713
59012,491979.04485302046
59013,512247.9452279466
59014,479044.20248757367
59015,451611.98575747677
59016,208046.9865161519
59017,52127.471437058986
59018,499352.15176313295
59019,155944.20633428296
59020,539352.5891578121
59021,80938.56660073294
59022,451076.8165963958
59023,50986.80410597692
59024,471957.9464754089
59025,473102.1189388021
59026,53441.6078447185
59027,525642.0064574693
59028,160923.69141121337
59029,405764.5450044248
59030,56627.327880307705
59031,405975.4492406498
59032,545143.0249695482
59033,506840.83300423506
59034,545785.4169768337
59035,71802.48682552177
59036,491979.04485302046
59037,56627.327880307705
59038,512412.5165180488
59039,422863.6506348434
59040,451465.8406341232
59041,512247.9452279466
59042,74131.62614774748
59043,451076.8165963958
59044,277672.32339597825
59045,499352.15176313295
59046,212224.2111006793
59047,456475.9569428083
59048,513652.79605609097
59049,477862.01858180756
59050,156363.80405618987
59051,67382.81596027043
59052,526236.0158641476
59053,469484.88513057923
59054,51123.458517453924
59055,469484.88513057923
59056,469484.88513057923
59057,503280.40110079193
59058,138176.04191196748
59059,74714.01940676058
59060,512247.9452279466
59061,457011.12610388926
59062,539352.5891578121
59063,95866.00624548928
59064,539941.0248707812
59065,107849.52650800727
59066,494535.2457123452
59067,60848.20725948444
59068,120300.00223778855
59069,197643.02938875934
59070,61295.77383834418
59071,532593.9059458792
59072,571182.1535576539
59073,537286.5127629928
59074,84288.2140816267
59075,75678.72771103468
59076,229690.12369986047
59077,72481.79622654535
59078,517418.63213386876
59079,592727.3073012893
59080,58173.397007939064
59081,469416.30194330064
59082,297376.9348027135
59083,518021.5225737501
59084,65961.20570122496
59085,464553.67731759173
59086,506878.1543462585
59087,560897.7429014475
59088,69151.33764826901
59089,212157.13868416543
59090,49273.54277517831
59091,49793.89033410835
59092,506840.83300423506
59093,60848.20725948444
59094,422652.7463986184
59095,48789.87741450328
59096,499352.15176313295
59097,592727.3073012893
59098,128932.05589125025
59099,456265.0527065833
59100,125673.86417282638
59101,543841.0208493875
59102,64726.51992968144
59103,571824.5455649394
59104,473313.0231750271
59105,464342.77308136673
59106,142979.99361451244
59107,559390.4811618449
59108,49273.54277517831
59109,544851.5771851169
59110,68201.99236461378
59111,524978.7325518371
59112,519887.08253402944
59113,64726.51992968144
59114,573095.1730316436
59115,451611.98575747677
59116,422863.6506348434
59117,512247.9452279466
59118,483239.78846849804
59119,131954.56760312925
59120,405764.5450044248
59121,60848.20725948444
59122,512247.9452279466
59123,477862.01858180756
59124,469484.88513057923
59125,62237.77186327107
59126,71599.79676292602
59127,506878.1543462585
59128,199430.9130406984
59129,512247.9452279466
59130,67597.42576646636
59131,232198.26451900954
59132,61642.02396763687
59133,53151.855445375324
59134,473313.0231750271
59135,521973.4682048713
59136,93295.01599002232
59137,53151.855445375324
59138,61388.76645185804
59139,539528.5145090924
59140,469273.98089435423
59141,451611.98575747677
59142,573095.1730316436
59143,451611.98575747677
59144,506840.83300423506
59145,500555.12100113777
59146,60848.20725948444
59147,498341.9287903943
59148,71436.82260166593
59149,469273.98089435423
59150,474170.7517063782
59151,545143.0249695482
59152,108531.00906680991
59153,71698.81054040405
59154,411921.32838757243
59155,498341.9287903943
59156,529909.9403648245
59157,451611.98575747677
59158,472883.34841702343
59159,560897.7429014475
59160,76758.92706172132
59161,519887.08253402944
59162,74805.01846975823
59163,451611.98575747677
59164,422652.7463986184
59165,532593.9059458792
59166,60848.20725948444
59167,543841.0208493875
59168,524704.4973298121
59169,62501.6766093304
59170,451076.8165963958
59171,69553.83748984696
59172,61203.444041957766
59173,267003.6303424465
59174,58160.36018389169
59175,56455.80021240519
59176,244756.52620321186
59177,76263.15041256134
59178,529909.9403648245
59179,42347.99116121743
59180,64829.822310273536
59181,483861.10853836144
59182,539352.5891578121
59183,461624.90195973014
59184,75597.9077637229
59185,512247.9452279466
59186,498984.3207976798
59187,68201.99236461378
59188,463927.1285592423
59189,52614.23503941558
59190,514734.6665528141
59191,63723.04376085259
59192,498341.9287903943
59193,68928.88522414195
59194,545785.4169768337
59195,545143.0249695482
59196,451611.98575747677
59197,321319.8265383403
59198,525598.3131704616
59199,212008.90010615854
59200,66869.71202566137
59201,483861.10853836144
59202,519887.08253402944
59203,86198.44326636531
59204,516901.0121770535
59205,118440.1631542211
59206,477467.20550996263
59207,92061.1517403731
59208,49273.54277517831
59209,529909.9403648245
59210,473102.1189388021
59211,95775.65128211302
59212,357229.48694886814
59213,92754.93384075654
59214,521541.98043381074
59215,544851.5771851169
59216,53277.84190908073
59217,471957.9464754089
59218,512247.9452279466
59219,512247.9452279466
59220,469273.98089435423
59221,529909.9403648245
59222,68201.99236461378
59223,527743.5947405851
59224,572219.7060781164
59225,500717.5960234408
59226,491979.04485302046
59227,107472.80419237299
59228,213087.94339925962
59229,495524.0137186851
59230,513388.0393042512
59231,56455.80021240519
59232,49273.54277517831
59233,60848.20725948444
59234,49982.79118637188
59235,512247.9452279466
59236,512247.9452279466
59237,63303.010998226004
59238,61189.72559396027
59239,63843.57019059962
59240,477862.01858180756
59241,67282.67906929797
59242,595411.272882344
59243,560897.7429014475
59244,420351.672648432
59245,456265.0527065833
59246,456475.9569428083
59247,422652.7463986184
59248,566688.1787131836
59249,530427.5603216396
59250,568754.2551080029
59251,539352.5891578121
59252,532084.5126642258
59253,555745.326920232
59254,75244.55154286075
59255,464437.0051096278
59256,220479.37717416656
59257,544851.5771851169
59258,62663.02147549741
59259,496921.4732932773
59260,208910.21708161492
59261,571310.0746983561
59262,469484.88513057923
59263,506840.83300423506
59264,461959.45864784665
59265,462370.9753570361
59266,49793.89033410835
59267,60848.20725948444
59268,504333.3537480478
59269,77587.30117648865
59270,84463.64662365103
59271,450865.9123601708
59272,451611.98575747677
59273,52652.88964337572
59274,512247.9452279466
59275,499748.1496138375
59276,485146.38432651246
59277,491979.04485302046
59278,136043.96550500835
59279,504238.6320878231
59280,469273.98089435423
59281,412667.4017848784
59282,489005.3983997538
59283,465299.7507148977
59284,60848.20725948444
59285,512992.264902915
59286,53266.78816409515
59287,63963.516390697885
59288,529909.9403648245
59289,519887.08253402944
59290,512247.9452279466
59291,451822.88999370177
59292,86195.71627057176
59293,222524.05215634385
59294,63188.512210912595
59295,469273.98089435423
59296,49793.89033410835
59297,512247.9452279466
59298,63963.516390697885
59299,512247.9452279466
59300,451611.98575747677
59301,532084.5126642258
59302,427631.90990323335
59303,215294.40247511462
59304,60848.20725948444
59305,498207.97929973976
59306,560897.7429014475
59307,498341.9287903943
59308,469273.98089435423
59309,547524.5319360729
59310,469273.98089435423
59311,480032.97049391357
59312,484827.75429141027
59313,94012.8690104712
59314,51123.458517453924
59315,512781.36066669
59316,524537.8688518517
59317,532084.5126642258
59318,476601.4840909501
59319,60848.20725948444
59320,195176.91592900068
59321,547524.5319360729
59322,68324.3186259945
59323,498341.9287903943
59324,82566.09528118193
59325,49273.54277517831
59326,539994.9811650976
59327,60848.20725948444
59328,547581.1090219168
59329,483861.10853836144
59330,469484.88513057923
59331,430329.39692175586
59332,71777.14296890474
59333,68201.99236461378
59334,532084.5126642258
59335,573095.1730316436
59336,116631.75616768864
59337,529909.9403648245
59338,456475.9569428083
59339,281792.30288606643
59340,86353.96253676705
59341,477862.01858180756
59342,434268.40987079445
59343,555381.0441426283
59344,480032.97049391357
59345,500555.12100113777
59346,469484.88513057923
59347,544851.5771851169
59348,211797.9958699335
59349,498341.9287903943
59350,451611.98575747677
59351,102884.97426530885
59352,451822.88999370177
59353,63963.516390697885
59354,469484.88513057923
59355,512247.9452279466
59356,80811.2257885688
59357,506840.83300423506
59358,122133.44431101345
59359,70405.54305802456
59360,559390.4811618449
59361,512247.9452279466
59362,235773.79279523983
59363,469273.98089435423
59364,512589.3849826907
59365,83981.45573310116
59366,225731.2382934993
59367,565778.5473334233
59368,74850.47300297659
59369,512247.9452279466
59370,512247.9452279466
59371,533738.0784092724
59372,78465.41410336483
59373,480032.97049391357
59374,256588.17642424305
59375,73922.42621434717
59376,521541.98043381074
59377,512247.9452279466
59378,113411.08921804163
59379,529909.9403648245
59380,139132.16196317787
59381,81237.17556834818
59382,232198.26451900954
59383,405764.5450044248
59384,56627.327880307705
59385,74850.47300297659
59386,565778.5473334233
59387,82954.83626214134
59388,403001.80278738315
59389,175932.8588630705
59390,78460.38128959383
59391,49273.54277517831
59392,512992.264902915
59393,166042.1182016149
59394,545785.4169768337
59395,56627.327880307705
59396,526236.0158641476
59397,51123.458517453924
59398,519075.5844764548
59399,554002.925270333
59400,49793.89033410835
59401,164827.07120514952
59402,469484.88513057923
59403,197643.02938875934
59404,177188.55566966662
59405,74621.11539236856
59406,419180.13954815804
59407,430540.30115798087
59408,229690.12369986047
59409,542423.3843263721
59410,95944.76089951131
59411,469273.98089435423
59412,167882.07003934318
59413,61826.617408498954
59414,69469.44441651556
59415,229690.12369986047
59416,543841.0208493875
59417,405975.4492406498
59418,557911.9419400329
59419,529909.9403648245
59420,82219.7587290623
59421,75142.3241710193
59422,580951.6852381991
59423,511501.8718306407
59424,571182.1535576539
59425,573095.1730316436
59426,519887.08253402944
59427,574581.4672007225
59428,473102.1189388021
59429,457509.23632963945
59430,451611.98575747677
59431,539739.4187453174
59432,571182.1535576539
59433,67612.4254741682
59434,563581.7084825021
59435,52127.471437058986
59436,49273.54277517831
59437,451822.88999370177
59438,483239.78846849804
59439,102524.33032323165
59440,70524.5554937553
59441,441034.34196769213
59442,512138.2144751495
59443,519887.08253402944
59444,240890.45434639952
59445,491979.04485302046
59446,527743.5947405851
59447,512247.9452279466
59448,486373.387929943
59449,571182.1535576539
59450,86211.12522493166
59451,512247.9452279466
59452,54684.8877489593
59453,513652.79605609097
59454,532084.5126642258
59455,512247.9452279466
59456,453142.89299121517
59457,473313.0231750271
59458,554002.925270333
59459,472168.8507116339
59460,588535.1923034907
59461,506878.1543462585
59462,121782.69531815228
59463,539941.0248707812
59464,176755.99153862314
59465,63303.010998226004
59466,568754.2551080029
59467,517336.3071427763
59468,512138.2144751495
59469,489561.6550127436
59470,512247.9452279466
59471,592727.3073012893
59472,524157.528805638
59473,63963.516390697885
59474,473102.1189388021
59475,94352.23348929748
59476,68201.99236461378
59477,56174.185629683256
59478,58160.36018389169
59479,68201.99236461378
59480,469484.88513057923
59481,64889.02521344833
59482,512247.9452279466
59483,574581.4672007225
59484,103717.39801911164
59485,451822.88999370177
59486,573095.1730316436
59487,49273.54277517831
59488,405764.5450044248
59489,547888.8147136766
59490,56627.327880307705
59491,131993.9928957097
59492,64726.51992968144
59493,450865.9123601708
59494,75104.13686557527
59495,60848.20725948444
59496,55107.69338211727
59497,539528.5145090924
59498,527743.5947405851
59499,98068.04986934086
59500,71284.25863252854
59501,506840.83300423506
59502,444623.97656170663
59503,451611.98575747677
59504,58173.397007939064
59505,51728.34651391989
59506,545143.0249695482
59507,571310.0746983561
59508,153009.37059055563
59509,544851.5771851169
59510,451611.98575747677
59511,90483.32070888732
59512,53151.855445375324
59513,506198.44099694956
59514,506878.1543462585
59515,464685.67305811914
59516,118440.1631542211
59517,512247.9452279466
59518,75763.57696080343
59519,573095.1730316436
59520,463927.1285592423
59521,498984.3207976798
59522,564363.193871561
59523,547209.1013643675
59524,72773.05271863536
59525,545270.9461102502
59526,418118.85389945214
59527,498341.9287903943
59528,127494.1269800133
59529,508360.49675080844
59530,596391.7045100462
59531,442657.4572301093
59532,422652.7463986184
59533,525598.3131704616
59534,473102.1189388021
59535,451822.88999370177
59536,139132.16196317787
59537,82670.54029618678
59538,49793.89033410835
59539,68201.99236461378
59540,229690.12369986047
59541,539352.5891578121
59542,539739.4187453174
59543,126485.91239444389
59544,72770.05366687353
59545,64809.15437593429
59546,545143.0249695482
59547,511853.1321561021
59548,545785.4169768337
59549,76758.92706172132
59550,512247.9452279466
59551,76574.45442566846
59552,529909.9403648245
59553,56627.327880307705
59554,529909.9403648245
59555,532084.5126642258
59556,462370.9753570361
59557,73356.27351558022
59558,68686.30924403685
59559,416565.009120584
59560,498341.9287903943
59561,550572.7802947313
59562,122516.44089859336
59563,560500.0611458723
59564,82835.20198237327
59565,68201.99236461378
59566,500583.93053649383
59567,61189.72559396027
59568,571824.5455649394
59569,539352.5891578121
59570,547581.1090219168
59571,434667.66076874244
59572,451822.88999370177
59573,592727.3073012893
59574,553085.2411187346
59575,56627.327880307705
59576,527743.5947405851
59577,169577.69835380447
59578,519887.08253402944
59579,519887.08253402944
59580,471783.6407657977
59581,62663.02147549741
59582,512847.8735018993
59583,506198.44099694956
59584,506198.44099694956
59585,533738.0784092724
59586,560897.7429014475
59587,194179.05192136564
59588,457011.12610388926
59589,539739.4187453174
59590,82971.98207201505
59591,416523.53460398415
59592,469484.88513057923
59593,519075.5844764548
59594,521331.0761975858
59595,473313.0231750271
59596,210184.24366179376
59597,469484.88513057923
59598,473313.0231750271
59599,192662.94260323315
59600,512247.9452279466
59601,59165.14346571872
59602,543841.0208493875
59603,84693.88190153442
59604,88424.79081751009
59605,56455.80021240519
59606,107930.5733915493
59607,486482.8166540003
59608,424119.5754054081
59609,117714.20807697732
59610,529909.9403648245
59611,571824.5455649394
59612,452174.1503191628
59613,522289.1601438872
59614,473102.1189388021
59615,456265.0527065833
59616,498341.9287903943
59617,58118.477815305094
59618,64726.51992968144
59619,526519.5863213217
59620,431460.0479476812
59621,512247.9452279466
59622,526136.4811508685
59623,71284.25863252854
59624,49273.54277517831
59625,553679.2505254127
59626,571824.5455649394
59627,522571.0481150841
59628,486482.8166540003
59629,135345.06303523525
59630,451611.98575747677
59631,522071.585505039
59632,500555.12100113777
59633,61388.76645185804
59634,451076.8165963958
59635,518133.4840463105
59636,498984.3207976798
59637,563968.0333583839
59638,105557.77155255788
59639,67871.07230048574
59640,68928.88522414195
59641,451822.88999370177
59642,221335.94933008146
59643,584851.6812168054
59644,545143.0249695482
59645,547888.8147136766
59646,529909.9403648245
59647,491979.04485302046
59648,551697.533055943
59649,516901.0121770535
59650,113411.08921804163
59651,504238.6320878231
59652,157186.96481068694
59653,512247.9452279466
59654,74355.65756603384
59655,68543.5106990896
59656,543841.0208493875
59657,571310.0746983561
59658,211524.81271498284
59659,49793.89033410835
59660,464437.0051096278
59661,74825.34951070539
59662,53743.41721580289
59663,593475.3524374077
59664,451611.98575747677
59665,49273.54277517831
59666,459774.505206885
59667,499352.15176313295
59668,486493.1318519999
59669,512247.9452279466
59670,524157.528805638
59671,456265.0527065833
59672,76848.84131969194
59673,213087.94339925962
59674,500555.12100113777
59675,164827.07120514952
59676,208046.9865161519
59677,405975.4492406498
59678,357440.39118509315
59679,416523.53460398415
59680,463927.1285592423
59681,59165.14346571872
59682,547209.1013643675
59683,613698.8539380692
59684,167882.07003934318
59685,547209.1013643675
59686,579718.3791135184
59687,462370.9753570361
59688,275551.4648966114
59689,49273.54277517831
59690,519980.74502305867
59691,408448.5105854795
59692,486704.0360882249
59693,588535.1923034907
59694,63303.010998226004
59695,451822.88999370177
59696,517336.3071427763
59697,94637.07259371092
59698,260985.0247443047
59699,539941.0248707812
59700,232198.26451900954
59701,529909.9403648245
59702,526519.5863213217
59703,500794.83477271884
59704,539941.0248707812
59705,544851.5771851169
59706,519851.88778256805
59707,457222.03034011426
59708,580951.6852381991
59709,483861.10853836144
59710,416523.53460398415
59711,432867.7697817151
59712,189613.41560240777
59713,83491.08025108725
59714,49273.54277517831
59715,451611.98575747677
59716,111106.80258842865
59717,512247.9452279466
59718,68201.99236461378
59719,486704.0360882249
59720,518021.5225737501
59721,498341.9287903943
59722,63963.516390697885
59723,120449.00518035304
59724,88093.5744529417
59725,519887.08253402944
59726,238327.85419264826
59727,226141.6201351415
59728,114176.89222746868
59729,495524.0137186851
59730,450865.9123601708
59731,222701.53221886323
59732,529909.9403648245
59733,537928.9047702783
59734,563581.7084825021
59735,143609.64097335996
59736,539739.4187453174
59737,519887.08253402944
59738,229690.12369986047
59739,60848.20725948444
59740,588497.7726954772
59741,512044.0078374938
59742,75678.72771103468
59743,67698.80709049606
59744,583976.2142632782
59745,462370.9753570361
59746,108231.36889369515
59747,491072.76260588417
59748,86343.23609407264
59749,56455.80021240519
59750,490387.54717491026
59751,451822.88999370177
59752,473102.1189388021
59753,75495.9282690843
59754,512247.9452279466
59755,86343.23609407264
59756,68201.99236461378
59757,91602.95110254375
59758,49273.54277517831
59759,504238.6320878231
59760,451611.98575747677
59761,451822.88999370177
59762,451611.98575747677
59763,511501.8718306407
59764,491979.04485302046
59765,61473.159525189454
59766,476601.4840909501
59767,56627.327880307705
59768,77927.51595427259
59769,476707.9570887854
59770,474736.9250720084
59771,80309.41963452073
59772,68864.87781836811
59773,560897.7429014475
59774,53151.855445375324
59775,580951.6852381991
59776,229953.71662231107
59777,82865.11237164692
59778,255317.12454367068
59779,469484.88513057923
59780,504538.0281370023
59781,482597.3964612126
59782,474947.8293082334
59783,55715.429028464154
59784,588535.1923034907
59785,198097.5972683887
59786,405975.4492406498
59787,74551.17432615407
59788,75685.08023939758
59789,211524.81271498284
59790,64121.953331533994
59791,60848.20725948444
59792,522184.37244109623
59793,61189.72559396027
59794,548798.3648138784
59795,117198.18814598421
59796,117922.20375847684
59797,500555.12100113777
59798,573095.1730316436
59799,545143.0249695482
59800,56627.327880307705
59801,473313.0231750271
59802,456265.0527065833
59803,232198.26451900954
59804,51123.458517453924
59805,469484.88513057923
59806,229953.71662231107
59807,76168.26744748559
59808,498984.3207976798
59809,529909.9403648245
59810,72368.0373283597
59811,72386.08367510758
59812,498984.3207976798
59813,451076.8165963958
59814,234452.59610971264
59815,451822.88999370177
59816,512247.9452279466
59817,60848.20725948444
59818,469484.88513057923
59819,467024.0423061426
59820,512247.9452279466
59821,75995.59879349764
59822,70684.98796508936
59823,194179.05192136564
59824,56627.327880307705
59825,533738.0784092724
59826,450865.9123601708
59827,484457.9962975055
59828,63234.487147434265
59829,512247.9452279466
59830,54043.51777052961
59831,56627.327880307705
59832,74468.13735645713
59833,226141.6201351415
59834,579718.3791135184
59835,498984.3207976798
59836,513388.0393042512
59837,573095.1730316436
59838,60661.813025698204
59839,500794.83477271884
59840,222648.33320304356
59841,566688.1787131836
59842,68661.27266686913
59843,464474.76882189413
59844,545060.0418740252
59845,68928.88522414195
59846,154259.46457648766
59847,496604.2899708169
59848,451611.98575747677
59849,543841.0208493875
59850,584870.7950947338
59851,87785.45259142027
59852,71599.79676292602
59853,63303.010998226004
59854,275257.40950183145
59855,161684.77494934775
59856,49273.54277517831
59857,259467.72398730842
59858,51728.34651391989
59859,484827.75429141027
59860,568754.2551080029
59861,456475.9569428083
59862,516901.0121770535
59863,469273.98089435423
59864,482716.93607496825
59865,405764.5450044248
59866,571182.1535576539
59867,462370.9753570361
59868,469484.88513057923
59869,512247.9452279466
59870,547209.1013643675
59871,175932.8588630705
59872,62208.62619819374
59873,119860.17595229861
59874,405975.4492406498
59875,430540.30115798087
59876,498341.9287903943
59877,61501.57163869441
59878,108201.57390338121
59879,506198.44099694956
59880,177085.5071769196
59881,78487.18942567107
59882,469273.98089435423
59883,456265.0527065833
59884,512247.9452279466
59885,451822.88999370177
59886,512247.9452279466
59887,55294.53204818438
59888,595411.272882344
59889,477115.9451845016
59890,42347.99116121743
59891,544851.5771851169
59892,85076.61159925735
59893,469484.88513057923
59894,48789.87741450328
59895,51728.34651391989
59896,179540.93627285658
59897,177696.3322289576
59898,512247.9452279466
59899,539994.9811650976
59900,81778.71023294238
59901,512247.9452279466
59902,484457.9962975055
59903,74950.13453594588
59904,463927.1285592423
59905,529909.9403648245
59906,512247.9452279466
59907,496655.42642770166
59908,512247.9452279466
59909,473102.1189388021
59910,409803.5872850977
59911,500555.12100113777
59912,539352.5891578121
59913,543841.0208493875
59914,512247.9452279466
59915,413549.8881507175
59916,451611.98575747677
59917,469484.88513057923
59918,539941.0248707812
59919,451822.88999370177
59920,470343.7959924929
59921,498984.3207976798
59922,545785.4169768337
59923,58160.36018389169
59924,529909.9403648245
59925,394697.64422177547
59926,545143.0249695482
59927,539352.5891578121
59928,469273.98089435423
59929,521331.0761975858
59930,529909.9403648245
59931,498341.9287903943
59932,539528.5145090924
59933,533738.0784092724
59934,527743.5947405851
59935,451076.8165963958
59936,560897.7429014475
59937,148056.67135500396
59938,511501.8718306407
59939,555381.0441426283
59940,512247.9452279466
59941,209121.12131783995
59942,81742.59264066855
59943,512247.9452279466
59944,560897.7429014475
59945,461624.90195973014
59946,101592.06429319624
59947,74131.62614774748
59948,61388.76645185804
59949,546626.5933807674
59950,229635.29088139127
59951,456475.9569428083
59952,512992.264902915
59953,456475.9569428083
59954,132423.384634214
59955,61388.76645185804
59956,571182.1535576539
59957,84496.15490474337
59958,461959.45864784665
59959,506878.1543462585
59960,69797.6319173261
59961,73374.68542377501
59962,227740.78024721632
59963,275973.08156248706
59964,469484.88513057923
59965,99958.08064684777
59966,65173.76400856338
59967,451611.98575747677
59968,461624.90195973014
59969,512247.9452279466
59970,506840.83300423506
59971,465299.7507148977
59972,221335.94933008146
59973,486162.483693718
59974,451428.07692185685
59975,451822.88999370177
59976,480032.97049391357
59977,519887.08253402944
59978,403001.80278738315
59979,539994.9811650976
59980,158494.7361214767
59981,74530.2033773797
59982,56627.327880307705
59983,102696.55330694618
59984,405975.4492406498
59985,451822.88999370177
59986,121763.70246887614
59987,211797.9958699335
59988,157520.50918805227
59989,545785.4169768337
59990,538857.5995716342
59991,498341.9287903943
59992,527743.5947405851
59993,405975.4492406498
59994,96999.6511495999
59995,450865.9123601708
59996,408659.4148217045
59997,547524.5319360729
59998,526730.4905575466
59999,547524.5319360729
60000,584870.7950947338
60001,498341.9287903943
60002,566688.1787131836
60003,509062.6573172681
60004,103105.85045069914
60005,47230.31675101952
60006,68201.99236461378
60007,417531.3729702099
60008,433078.6740179401
60009,513966.4053499921
60010,101710.59560214746
60011,462370.9753570361
60012,405764.5450044248
60013,473102.1189388021
60014,92372.45575348022
60015,552769.6191456524
60016,539528.5145090924
60017,74077.96876377767
60018,286886.97683619725
60019,76758.92706172132
60020,52652.88964337572
60021,102491.31190338644
60022,56627.327880307705
60023,529909.9403648245
60024,504238.6320878231
60025,194179.05192136564
60026,451076.8165963958
60027,521331.0761975858
60028,519887.08253402944
60029,62663.02147549741
60030,457011.12610388926
60031,108197.6620825922
60032,68684.52624167435
60033,87049.22607065126
60034,512247.9452279466
60035,451822.88999370177
60036,566688.1787131836
60037,229690.12369986047
60038,519887.08253402944
60039,211797.9958699335
60040,522184.37244109623
60041,141822.07518776838
60042,357440.39118509315
60043,532084.5126642258
60044,60848.20725948444
60045,568754.2551080029
60046,519887.08253402944
60047,527743.5947405851
60048,60678.98606500502
60049,276353.2972843327
60050,512247.9452279466
60051,68928.88522414195
60052,196323.76062619188
60053,61388.76645185804
60054,519887.08253402944
60055,553679.2505254127
60056,451611.98575747677
60057,514734.6665528141
60058,56679.30008708456
60059,588535.1923034907
60060,498341.9287903943
60061,592727.3073012893
60062,211797.9958699335
60063,573095.1730316436
60064,469484.88513057923
60065,159702.77745854767
60066,68201.99236461378
60067,405764.5450044248
60068,468496.11712423933
60069,496604.2899708169
60070,64000.25248974217
60071,545143.0249695482
60072,68201.99236461378
60073,495807.18289746833
60074,451611.98575747677
60075,409592.6830488727
60076,447830.00385561003
60077,496365.0619111667
60078,475467.15185248305
60079,431092.4155902072
60080,500555.12100113777
60081,477862.01858180756
60082,59531.54761339959
60083,513966.4053499921
60084,82665.93572911248
60085,70710.70034660207
60086,232198.26451900954
60087,450865.9123601708
60088,512247.9452279466
60089,433411.7359981777
60090,512095.1442943785
60091,573095.1730316436
60092,56627.327880307705
60093,512247.9452279466
60094,560897.7429014475
60095,68684.52624167435
60096,448518.391884617
60097,506198.44099694956
60098,68201.99236461378
60099,532084.5126642258
60100,451611.98575747677
60101,68684.52624167435
60102,491979.04485302046
60103,143152.194041319
60104,519887.08253402944
60105,498341.9287903943
60106,111769.98061312333
60107,98063.27733479542
60108,45806.80781956408
60109,539739.4187453174
60110,450865.9123601708
60111,511501.8718306407
60112,93711.35060600443
60113,302789.739090189
60114,512247.9452279466
60115,87831.91635297397
60116,512247.9452279466
60117,49793.89033410835
60118,560897.7429014475
60119,463927.1285592423
60120,82763.11553795708
60121,547888.8147136766
60122,479285.4496720048
60123,451822.88999370177
60124,451076.8165963958
60125,60756.826256389504
60126,563968.0333583839
60127,211164.96115331227
60128,471783.6407657977
60129,539352.5891578121
60130,543841.0208493875
60131,126485.91239444389
60132,54043.51777052961
60133,72990.650273255
60134,143577.947093302
60135,70743.69944015493
60136,592727.3073012893
60137,229690.12369986047
60138,56627.327880307705
60139,515643.8995161809
60140,272503.25244358083
60141,447830.00385561003
60142,409435.9549276237
60143,49793.89033410835
60144,76263.15041256134
60145,506878.1543462585
60146,49273.54277517831
60147,49273.54277517831
60148,213087.94339925962
60149,532084.5126642258
60150,68505.56965041929
60151,118697.7964524707
60152,506878.1543462585
60153,586750.0939702032
60154,498984.3207976798
60155,82205.51189195462
60156,463927.1285592423
60157,115270.28956870217
60158,64913.81814843966
60159,532084.5126642258
60160,529909.9403648245
60161,229635.29088139127
60162,49273.54277517831
60163,514734.6665528141
60164,480032.97049391357
60165,519887.08253402944
60166,519887.08253402944
60167,477862.01858180756
60168,451611.98575747677
60169,555151.3175135539
60170,83181.78403274949
60171,543841.0208493875
60172,555381.0441426283
60173,93757.63392510437
60174,49273.54277517831
60175,50806.57507876228
60176,418969.23531193304
60177,61388.76645185804
60178,136043.96550500835
60179,114684.47670513426
60180,572399.4093496158
60181,473313.0231750271
60182,279363.67880351044
60183,49793.89033410835
60184,584851.6812168054
60185,550572.7802947313
60186,571182.1535576539
60187,450865.9123601708
60188,83713.92715212716
60189,519887.08253402944
60190,86864.1355163669
60191,526519.5863213217
60192,116454.868403966
60193,509062.6573172681
60194,512247.9452279466
60195,450865.9123601708
60196,56627.327880307705
60197,109493.53574642657
60198,515657.54792821745
60199,566688.1787131836
60200,51728.34651391989
60201,63103.97014032822
60202,56117.94158228746
60203,486493.1318519999
60204,110795.7863383209
60205,412878.3060211034
60206,463927.1285592423
60207,450865.9123601708
60208,524862.0603438731
60209,573095.1730316436
60210,82665.93572911248
60211,155955.53840376725
60212,461959.45864784665
60213,135613.6654137099
60214,500555.12100113777
60215,154317.76534765272
60216,529909.9403648245
60217,173030.7164564896
60218,63303.010998226004
60219,72751.2328216274
60220,512847.8735018993
60221,220702.46105276025
60222,126275.00815821889
60223,482515.0855309141
60224,498341.9287903943
60225,73906.77780419194
60226,573095.1730316436
60227,62501.6766093304
60228,543841.0208493875
60229,506878.1543462585
60230,60848.20725948444
60231,132994.836460294
60232,545143.0249695482
60233,477862.01858180756
60234,68201.99236461378
60235,461624.90195973014
60236,451076.8165963958
60237,506198.44099694956
60238,102928.99562423365
60239,516901.0121770535
60240,501896.58927609946
60241,271398.4565662768
60242,402753.1348388918
60243,468496.11712423933
60244,573095.1730316436
60245,482716.93607496825
60246,519887.08253402944
60247,178902.69323903017
60248,108892.44772564118
60249,420351.672648432
60250,473102.1189388021
60251,60848.20725948444
60252,409803.5872850977
60253,422652.7463986184
60254,488508.5497046113
60255,58160.36018389169
60256,58108.03868194415
60257,473313.0231750271
60258,61473.159525189454
60259,539352.5891578121
60260,573095.1730316436
60261,588535.1923034907
60262,450865.9123601708
60263,496604.2899708169
60264,64726.51992968144
60265,518133.4840463105
60266,92372.45575348022
60267,512247.9452279466
60268,468496.11712423933
60269,250471.2662240205
60270,51307.38007774212
60271,595411.272882344
60272,512247.9452279466
60273,60848.20725948444
60274,506198.44099694956
60275,62501.6766093304
60276,512247.9452279466
60277,514734.6665528141
60278,495524.0137186851
60279,166042.1182016149
60280,539739.4187453174
60281,515657.54792821745
60282,451611.98575747677
60283,451822.88999370177
60284,451822.88999370177
60285,573095.1730316436
60286,196200.9379597827
60287,451428.07692185685
60288,580951.6852381991
60289,506198.44099694956
60290,543841.0208493875
60291,483861.10853836144
60292,226097.026931345
60293,277672.32339597825
60294,67597.42576646636
60295,61388.76645185804
60296,522184.37244109623
60297,451822.88999370177
60298,532084.5126642258
60299,298947.64005286945
60300,560897.7429014475
60301,527743.5947405851
60302,533738.0784092724
60303,49793.89033410835
60304,452211.91403142916
60305,103287.40053823302
60306,451822.88999370177
60307,55107.69338211727
60308,53151.855445375324
60309,512247.9452279466
60310,80946.65191837892
60311,571824.5455649394
60312,94352.23348929748
60313,574581.4672007225
60314,451611.98575747677
60315,75678.72771103468
60316,506920.68167331297
60317,451611.98575747677
60318,498341.9287903943
60319,207836.08227992686
60320,568754.2551080029
60321,524157.528805638
60322,514734.6665528141
60323,464553.67731759173
60324,68928.88522414195
60325,506840.83300423506
60326,62501.6766093304
60327,514734.6665528141
60328,500583.93053649383
60329,547581.1090219168
60330,533738.0784092724
60331,56627.327880307705
60332,489561.6550127436
60333,58160.36018389169
60334,513599.23452675034
60335,54202.826878986016
60336,527743.5947405851
60337,68054.2149360033
60338,49793.89033410835
60339,60848.20725948444
60340,63963.516390697885
60341,535789.4366261075
60342,513388.0393042512
60343,545270.9461102502
60344,433224.26673903555
60345,467539.13949070836
60346,70596.94690269652
60347,405975.4492406498
60348,102524.33032323165
60349,75711.64692396681
60350,539528.5145090924
60351,141159.1463383423
60352,405764.5450044248
60353,512589.3849826907
60354,64809.15437593429
60355,544851.5771851169
60356,208046.9865161519
60357,74502.39442352387
60358,212008.90010615854
60359,76263.15041256134
60360,520445.8971892462
60361,56627.327880307705
60362,566688.1787131836
60363,82412.78379266328
60364,480032.97049391357
60365,543841.0208493875
60366,52127.471437058986
60367,521541.98043381074
60368,451822.88999370177
60369,469484.88513057923
60370,566688.1787131836
60371,61388.76645185804
60372,604228.6566126227
60373,78484.88274858598
60374,532084.5126642258
60375,512247.9452279466
60376,498341.9287903943
60377,482386.4922249876
60378,572219.7060781164
60379,498984.3207976798
60380,207836.08227992686
60381,68201.99236461378
60382,483861.10853836144
60383,588535.1923034907
60384,512247.9452279466
60385,532593.9059458792
60386,543841.0208493875
60387,545143.0249695482
60388,533738.0784092724
60389,68684.52624167435
60390,490724.801646225
60391,533738.0784092724
60392,571182.1535576539
60393,76977.07775852438
60394,56627.327880307705
60395,131866.89163497766
60396,498341.9287903943
60397,562458.6441073716
60398,532084.5126642258
60399,514734.6665528141
60400,584851.6812168054
60401,439973.49164905463
60402,137102.2257937889
60403,512247.9452279466
60404,416523.53460398415
60405,519887.08253402944
60406,61473.159525189454
60407,500555.12100113777
60408,511501.8718306407
60409,405764.5450044248
60410,529909.9403648245
60411,551697.533055943
60412,81621.94704918013
60413,491979.04485302046
60414,498341.9287903943
60415,405975.4492406498
60416,566688.1787131836
60417,473313.0231750271
60418,486704.0360882249
60419,516901.0121770535
60420,560897.7429014475
60421,92012.57929997354
60422,128176.13936124231
60423,474381.6559426032
60424,267003.6303424465
60425,49982.79118637188
60426,452170.9217792508
60427,49982.79118637188
60428,206069.38577857733
60429,469416.30194330064
60430,519887.08253402944
60431,52127.471437058986
60432,409592.6830488727
60433,92061.1517403731
60434,102598.38193077507
60435,180286.44273313705
60436,55778.516242525024
60437,472168.8507116339
60438,539352.5891578121
60439,87049.22607065126
60440,533738.0784092724
60441,532593.9059458792
60442,573095.1730316436
60443,60848.20725948444
60444,418969.23531193304
60445,81859.97512870423
60446,522571.0481150841
60447,87564.3456863145
60448,571824.5455649394
60449,496655.42642770166
60450,63303.010998226004
60451,405764.5450044248
60452,60848.20725948444
60453,450865.9123601708
60454,70547.33871672695
60455,71926.51969134469
60456,527743.5947405851
60457,522871.6681274875
60458,557027.4542954119
60459,113165.88416310886
60460,564586.590430068
60461,506840.83300423506
60462,91892.51129192357
60463,49273.54277517831
60464,543841.0208493875
60465,463927.1285592423
60466,49273.54277517831
60467,66283.63369700203
60468,450865.9123601708
60469,563325.6413510984
60470,477862.01858180756
60471,464685.67305811914
60472,465299.7507148977
60473,451822.88999370177
60474,584851.6812168054
60475,49273.54277517831
60476,450865.9123601708
60477,467610.63964592764
60478,451611.98575747677
60479,56455.80021240519
60480,514734.6665528141
60481,498341.9287903943
60482,480912.14407037105
60483,49273.54277517831
60484,56627.327880307705
60485,173030.7164564896
60486,498984.3207976798
60487,485118.7996924068
60488,560897.7429014475
60489,128595.00128796736
60490,580255.6044193363
60491,53151.855445375324
60492,512247.9452279466
60493,469273.98089435423
60494,506198.44099694956
60495,450865.9123601708
60496,527743.5947405851
60497,539739.4187453174
60498,476971.24208485486
60499,75136.6535238125
60500,64468.81948098906
60501,150670.33214569843
60502,553679.2505254127
60503,86039.86645428491
60504,87399.73844907802
60505,64468.81948098906
60506,63963.516390697885
60507,394908.54845800047
60508,512247.9452279466
60509,476852.32062835264
60510,562833.5779239655
60511,561016.1694776376
60512,512247.9452279466
60513,75484.04326697106
60514,496604.2899708169
60515,512247.9452279466
60516,522184.37244109623
60517,71886.58229569499
60518,529909.9403648245
60519,533738.0784092724
60520,451822.88999370177
60521,483861.10853836144
60522,451611.98575747677
60523,254200.2859799984
60524,468668.9058105856
60525,527743.5947405851
60526,506840.83300423506
60527,469484.88513057923
60528,498341.9287903943
60529,451822.88999370177
60530,451611.98575747677
60531,596391.7045100462
60532,426144.26250607433
60533,512247.9452279466
60534,56627.327880307705
60535,464685.67305811914
60536,512781.36066669
60537,65173.76400856338
60538,471957.9464754089
60539,70710.70034660207
60540,61189.72559396027
60541,56627.327880307705
60542,49273.54277517831
60543,456265.0527065833
60544,69169.13974994278
60545,68201.99236461378
60546,101194.74729851043
60547,532084.5126642258
60548,522571.0481150841
60549,491979.04485302046
60550,465088.8464786727
60551,451822.88999370177
60552,512247.9452279466
60553,56627.327880307705
60554,51123.458517453924
60555,406755.0690403092
60556,506878.1543462585
60557,114895.3809413593
60558,469484.88513057923
60559,500555.12100113777
60560,418969.23531193304
60561,555381.0441426283
60562,457222.03034011426
60563,506878.1543462585
60564,561234.5558075353
60565,438618.0215327643
60566,61388.76645185804
60567,512247.9452279466
60568,553085.2411187346
60569,63193.55361159757
60570,568462.512914478
60571,56627.327880307705
60572,506878.1543462585
60573,102217.73438970411
60574,456265.0527065833
60575,68686.30924403685
60576,68201.99236461378
60577,469484.88513057923
60578,68002.951506716
60579,50705.78918595187
60580,218454.3882816268
60581,60848.20725948444
60582,495524.0137186851
60583,569372.1442942383
60584,122133.44431101345
60585,272255.4914617793
60586,143469.26056931948
60587,68201.99236461378
60588,106051.66685714947
60589,70613.72023735067
60590,207836.08227992686
60591,148821.47340014682
60592,519887.08253402944
60593,133057.33565733288
60594,451611.98575747677
60595,232198.26451900954
60596,56627.327880307705
60597,532084.5126642258
60598,545785.4169768337
60599,447830.00385561003
60600,469273.98089435423
60601,357440.39118509315
60602,512247.9452279466
60603,110337.78852147111
60604,545270.9461102502
60605,469273.98089435423
60606,571182.1535576539
60607,232305.26982968237
60608,92968.8475661632
60609,469484.88513057923
60610,521455.74673330574
60611,49273.54277517831
60612,78744.28629412994
60613,548223.5010292022
60614,405764.5450044248
60615,52346.58634769646
60616,506878.1543462585
60617,68826.94463031879
60618,451076.8165963958
60619,411921.32838757243
60620,560500.0611458723
60621,92902.61853917874
60622,79297.9602525717
60623,470878.96515357384
60624,522184.37244109623
60625,532593.9059458792
60626,441034.34196769213
60627,521331.0761975858
60628,146771.37529262764
60629,405764.5450044248
60630,97287.94068904613
60631,83285.4280601928
60632,451822.88999370177
60633,560710.9653820973
60634,532593.9059458792
60635,62674.284134944945
60636,519887.08253402944
60637,512247.9452279466
60638,452170.9217792508
60639,68411.6984068984
60640,51123.458517453924
60641,483861.10853836144
60642,513388.0393042512
60643,513388.0393042512
60644,469484.88513057923
60645,529909.9403648245
60646,65351.47219538644
60647,512247.9452279466
60648,118334.68897983994
60649,451611.98575747677
60650,103094.62050445663
60651,512247.9452279466
60652,68928.88522414195
60653,473102.1189388021
60654,74766.19218077646
60655,524157.528805638
60656,212008.90010615854
60657,514734.6665528141
60658,56627.327880307705
60659,60848.20725948444
60660,49793.89033410835
60661,456265.0527065833
60662,543841.0208493875
60663,545785.4169768337
60664,539352.5891578121
60665,487785.9065849479
60666,405764.5450044248
60667,572399.0922127808
60668,520445.8971892462
60669,49273.54277517831
60670,469484.88513057923
60671,498341.9287903943
60672,450865.9123601708
60673,93541.98441717273
60674,519887.08253402944
60675,486704.0360882249
60676,64726.51992968144
60677,498984.3207976798
60678,71612.44613333908
60679,59805.63603033591
60680,542423.3843263721
60681,532593.9059458792
60682,456475.9569428083
60683,104696.8262897745
60684,498010.96878458536
60685,62129.00616369504
60686,53261.37881750386
60687,527743.5947405851
60688,491979.04485302046
60689,63404.68889907876
60690,512247.9452279466
60691,269687.5959235012
60692,476601.4840909501
60693,430329.39692175586
60694,476601.4840909501
60695,469484.88513057923
60696,469484.88513057923
60697,70743.69944015493
60698,439973.49164905463
60699,431460.0479476812
60700,133687.14232355283
60701,451822.88999370177
60702,473313.0231750271
60703,402542.2306026668
60704,580951.6852381991
60705,451611.98575747677
60706,524195.2925179045
60707,560897.7429014475
60708,64726.51992968144
60709,64889.02521344833
60710,469484.88513057923
60711,143952.52971426703
60712,473313.0231750271
60713,313498.80108059273
60714,516901.0121770535
60715,451076.8165963958
60716,420351.672648432
60717,512247.9452279466
60718,482716.93607496825
60719,115668.07431999422
60720,560710.9653820973
60721,408448.5105854795
60722,473313.0231750271
60723,572219.7060781164
60724,74805.01846975823
60725,509062.6573172681
60726,535309.2567186746
60727,68201.99236461378
60728,405975.4492406498
60729,229635.29088139127
60730,456265.0527065833
60731,588535.1923034907
60732,72041.04004264147
60733,83080.32335714958
60734,456475.9569428083
60735,65434.38890842095
60736,532084.5126642258
60737,469273.98089435423
60738,64829.822310273536
60739,263370.94433789846
60740,512599.205553408
60741,139669.02917811417
60742,496655.42642770166
60743,153220.27482678066
60744,486704.0360882249
60745,547581.1090219168
60746,590402.3224596666
60747,211805.6530758757
60748,529909.9403648245
60749,472168.8507116339
60750,83638.9739096126
60751,117039.04398945191
60752,207836.08227992686
60753,126327.17773920875
60754,68201.99236461378
60755,107472.80419237299
60756,469273.98089435423
60757,491979.04485302046
60758,498470.5409693017
60759,73871.4131736335
60760,70743.69944015493
60761,158850.40822104696
60762,451822.88999370177
60763,176263.98273248962
60764,70462.87143010281
60765,55836.015131997134
60766,529909.9403648245
60767,483861.10853836144
60768,100713.12125398281
60769,506198.44099694956
60770,469484.88513057923
60771,498984.3207976798
60772,72041.04004264147
60773,135345.06303523525
60774,469273.98089435423
60775,226141.6201351415
60776,556816.550059187
60777,48789.87741450328
60778,519887.08253402944
60779,463927.1285592423
60780,445776.03606799163
60781,571824.5455649394
60782,143438.62608911406
60783,451611.98575747677
60784,62938.70368746837
60785,49793.89033410835
60786,63963.516390697885
60787,473102.1189388021
60788,103717.39801911164
60789,502424.067092185
60790,63963.516390697885
60791,533738.0784092724
60792,588535.1923034907
60793,512247.9452279466
60794,186505.5590648061
60795,80190.03383017221
60796,451611.98575747677
60797,560897.7429014475
60798,512247.9452279466
60799,49273.54277517831
60800,60848.20725948444
60801,520445.8971892462
60802,542216.8054781306
60803,91892.51129192357
60804,72849.28502213019
60805,541968.1375296392
60806,229690.12369986047
60807,500794.83477271884
60808,473102.1189388021
60809,80809.345003364
60810,547524.5319360729
60811,416523.53460398415
60812,514734.6665528141
60813,81863.02648075811
60814,473313.0231750271
60815,519887.08253402944
60816,469273.98089435423
60817,52127.471437058986
60818,527743.5947405851
60819,497128.9979779047
60820,486704.0360882249
60821,61473.159525189454
60822,70547.33871672695
60823,51123.458517453924
60824,79494.25678965668
60825,149951.08228362032
60826,70023.26934527408
60827,500555.12100113777
60828,477862.01858180756
60829,61678.03143730096
60830,56881.849389335446
60831,456475.9569428083
60832,566688.1787131836
60833,486162.483693718
60834,573095.1730316436
60835,49793.89033410835
60836,416523.53460398415
60837,58118.477815305094
60838,539528.5145090924
60839,77533.75632485103
60840,473313.0231750271
60841,512247.9452279466
60842,506284.14493958035
60843,512247.9452279466
60844,512247.9452279466
60845,156642.1311241352
60846,61189.72559396027
60847,469484.88513057923
60848,53151.855445375324
60849,469273.98089435423
60850,119867.04127303317
60851,422863.6506348434
60852,467610.63964592764
60853,68928.88522414195
60854,544851.5771851169
60855,456265.0527065833
60856,84491.32043920395
60857,532084.5126642258
60858,100713.12125398281
60859,469484.88513057923
60860,598258.8346662221
60861,512247.9452279466
60862,539739.4187453174
60863,545143.0249695482
60864,130994.96649686035
60865,527743.5947405851
60866,538177.3430632553
60867,572219.7060781164
60868,51123.458517453924
60869,58626.183025179474
60870,474947.8293082334
60871,107161.20060533103
60872,56627.327880307705
60873,473102.1189388021
60874,451611.98575747677
60875,512247.9452279466
60876,486493.1318519999
60877,469273.98089435423
60878,580951.6852381991
60879,137523.40108868625
60880,63619.57469240803
60881,500555.12100113777
60882,418969.23531193304
60883,480032.97049391357
60884,553679.2505254127
60885,560897.7429014475
60886,565180.5998367461
60887,573203.6925228029
60888,64829.822310273536
60889,451822.88999370177
60890,539994.9811650976
60891,68253.5860565518
60892,85266.08245788257
60893,61070.07804966908
60894,512247.9452279466
60895,452174.1503191628
60896,480032.97049391357
60897,68201.99236461378
60898,451822.88999370177
60899,469273.98089435423
60900,82877.25650644871
60901,51510.5415706292
60902,560897.7429014475
60903,451822.88999370177
60904,133630.26338561322
60905,554977.0657174101
60906,512247.9452279466
60907,571824.5455649394
60908,450865.9123601708
60909,451822.88999370177
60910,512247.9452279466
60911,451822.88999370177
60912,500555.12100113777
60913,125391.53868142856
60914,473313.0231750271
60915,506198.44099694956
60916,469484.88513057923
60917,154317.76534765272
60918,64726.51992968144
60919,500555.12100113777
60920,89208.24468177422
60921,473102.1189388021
60922,519887.08253402944
60923,473102.1189388021
60924,473313.0231750271
60925,545785.4169768337
60926,512247.9452279466
60927,584851.6812168054
60928,217049.85698926626
60929,87643.64667355975
60930,512247.9452279466
60931,498984.3207976798
60932,525598.3131704616
60933,84142.34917367014
60934,573095.1730316436
60935,566688.1787131836
60936,107898.71337703461
60937,405764.5450044248
60938,68201.99236461378
60939,64894.474708386784
60940,83285.4280601928
60941,547524.5319360729
60942,63670.47766286066
60943,498984.3207976798
60944,552417.0291925035
60945,593475.3524374077
60946,346373.4904024438
60947,86815.3459170629
60948,542423.3843263721
60949,63963.516390697885
60950,68201.99236461378
60951,76263.15041256134
60952,476660.81101463956
60953,512992.264902915
60954,156642.1311241352
60955,540774.6416581057
60956,559390.16402501
60957,111154.35925854716
60958,553679.2505254127
60959,134335.556118519
60960,574581.4672007225
60961,113372.1863984412
60962,70533.19473944268
60963,55451.78729280016
60964,321319.8265383403
60965,232198.26451900954
60966,145783.60709802195
60967,56627.327880307705
60968,473102.1189388021
60969,513388.0393042512
60970,469484.88513057923
60971,498984.3207976798
60972,166042.1182016149
60973,532084.5126642258
60974,68826.94463031879
60975,463927.1285592423
60976,573095.1730316436
60977,516901.0121770535
60978,76121.16077271248
60979,183467.96793264244
60980,67282.67906929797
60981,511501.8718306407
60982,56627.327880307705
60983,451822.88999370177
60984,573095.1730316436
60985,367723.5277585794
60986,101425.2612646909
60987,451611.98575747677
60988,560897.7429014475
60989,588535.1923034907
60990,412878.3060211034
60991,477862.01858180756
60992,461624.90195973014
60993,480032.97049391357
60994,51123.458517453924
60995,547851.493371653
60996,60848.20725948444
60997,163771.60075984552
60998,451611.98575747677
60999,498221.87302081037
61000,506198.44099694956
61001,573095.1730316436
61002,197176.87819315796
61003,451822.88999370177
61004,584851.6812168054
61005,68667.45697789222
61006,473102.1189388021
61007,56627.327880307705
61008,519887.08253402944
61009,541968.1375296392
61010,420670.33965151897
61011,212008.90010615854
61012,422652.7463986184
61013,512247.9452279466
61014,469484.88513057923
61015,480032.97049391357
61016,60848.20725948444
61017,547888.8147136766
61018,532084.5126642258
61019,610015.3428513838
61020,506878.1543462585
61021,573095.1730316436
61022,70250.30139179574
61023,568754.2551080029
61024,380783.5911083251
61025,529909.9403648245
61026,470132.89175626787
61027,511501.8718306407
61028,107809.56678991749
61029,137102.2257937889
61030,545143.0249695482
61031,138782.4820908521
61032,73363.05949817701
61033,513177.1350680264
61034,408448.5105854795
61035,56627.327880307705
61036,548798.3648138784
61037,68301.45069914132
61038,469273.98089435423
61039,495524.0137186851
61040,512247.9452279466
61041,187333.08610161333
61042,451076.8165963958
61043,539994.9811650976
61044,62208.62619819374
61045,469484.88513057923
61046,469484.88513057923
61047,87115.84136544421
61048,555225.7336659015
61049,76451.01909309579
61050,500794.83477271884
61051,67801.44595623564
61052,222204.77678088797
61053,460027.4339858062
61054,512247.9452279466
61055,143016.7075791114
61056,451611.98575747677
61057,451611.98575747677
61058,56627.327880307705
61059,483352.7241802638
61060,547524.5319360729
61061,58607.71681075569
61062,519851.88778256805
61063,127017.29812116659
61064,486162.483693718
61065,137102.2257937889
61066,560897.7429014475
61067,139669.02917811417
61068,451217.17268563184
61069,70743.69944015493
61070,512781.36066669
61071,529909.9403648245
61072,70750.21277374936
61073,451611.98575747677
61074,546626.5933807674
61075,512247.9452279466
61076,64545.106879681465
61077,123314.88315521003
61078,482478.9726070326
61079,500794.83477271884
61080,105939.31073719801
61081,555381.0441426283
61082,65648.35735033915
61083,530427.5603216396
61084,102598.38193077507
61085,49793.89033410835
61086,240508.45936850403
61087,67871.07230048574
61088,72486.12497308457
61089,572219.7060781164
61090,532084.5126642258
61091,232198.26451900954
61092,583976.2142632782
61093,451428.07692185685
61094,451822.88999370177
61095,506198.44099694956
61096,405975.4492406498
61097,69513.62130650907
61098,528221.379938537
61099,451822.88999370177
61100,442657.4572301093
61101,451611.98575747677
61102,521331.0761975858
61103,409592.6830488727
61104,419180.13954815804
61105,63193.55361159757
61106,463927.1285592423
61107,519887.08253402944
61108,514734.6665528141
61109,528175.0989611786
61110,452422.81826765416
61111,99883.73566265448
61112,543841.0208493875
61113,72781.65163646989
61114,159835.18510668218
61115,572219.7060781164
61116,60848.20725948444
61117,473313.0231750271
61118,472168.8507116339
61119,471089.86938979884
61120,545785.4169768337
61121,532593.9059458792
61122,511501.8718306407
61123,573956.2967530303
61124,52127.471437058986
61125,74131.62614774748
61126,65416.26856174416
61127,512247.9452279466
61128,469273.98089435423
61129,506198.44099694956
61130,451076.8165963958
61131,80795.84454679392
61132,573095.1730316436
61133,521541.98043381074
61134,56627.327880307705
61135,475467.15185248305
61136,162281.6765313045
61137,79159.81960639363
61138,451822.88999370177
61139,212224.2111006793
61140,512247.9452279466
61141,144948.11391751844
61142,63843.57019059962
61143,512247.9452279466
61144,214481.9614509882
61145,67282.67906929797
61146,512247.9452279466
61147,64705.25077236765
61148,513894.0087844413
61149,48789.87741450328
61150,513177.1350680264
61151,63927.963263931015
61152,62928.29616511633
61153,194179.05192136564
61154,563581.7084825021
61155,485461.61278153077
61156,78487.18942567107
61157,469484.88513057923
61158,109504.59680311078
61159,95896.3740658427
61160,451076.8165963958
61161,530427.5603216396
61162,60756.826256389504
61163,419180.13954815804
61164,526136.4811508685
61165,542423.3843263721
61166,451822.88999370177
61167,569372.1442942383
61168,56627.327880307705
61169,66922.04975935351
61170,64726.51992968144
61171,527743.5947405851
61172,68201.99236461378
61173,542423.3843263721
61174,250939.53621184474
61175,71810.48144127683
61176,519887.08253402944
61177,560897.7429014475
61178,87551.58378310781
61179,512247.9452279466
61180,469273.98089435423
61181,113562.84029474508
61182,475467.15185248305
61183,533738.0784092724
61184,545785.4169768337
61185,451822.88999370177
61186,527743.5947405851
61187,506198.44099694956
61188,451076.8165963958
61189,451822.88999370177
61190,475467.15185248305
61191,512247.9452279466
61192,161418.30375932503
61193,73363.05949817701
61194,451822.88999370177
61195,545143.0249695482
61196,539739.4187453174
61197,418969.23531193304
61198,509562.1199273132
61199,477862.01858180756
61200,451076.8165963958
61201,196437.2017703482
61202,56076.998318753554
61203,68110.61136151884
61204,60848.20725948444
61205,116138.65013206392
61206,451076.8165963958
61207,64588.46865640287
61208,506878.1543462585
61209,473313.0231750271
61210,91892.51129192357
61211,532084.5126642258
61212,462370.9753570361
61213,451822.88999370177
61214,498984.3207976798
61215,473313.0231750271
61216,69681.24249159923
61217,512247.9452279466
61218,62183.33452759216
61219,473922.2690099
61220,529909.9403648245
61221,69042.51315425317
61222,565778.5473334233
61223,547524.5319360729
61224,63303.010998226004
61225,545143.0249695482
61226,74395.5188185594
61227,473102.1189388021
61228,545143.0249695482
61229,451822.88999370177
61230,532593.9059458792
61231,469484.88513057923
61232,463927.1285592423
61233,109044.93770822178
61234,486704.0360882249
61235,527452.7445121192
61236,68201.99236461378
61237,556816.550059187
61238,512247.9452279466
61239,60848.20725948444
61240,477862.01858180756
61241,522871.6681274875
61242,68742.55155698738
61243,56627.327880307705
61244,573095.1730316436
61245,470343.7959924929
61246,433078.6740179401
61247,547524.5319360729
61248,224520.89426043446
61249,405764.5450044248
61250,73528.48531746799
61251,451822.88999370177
61252,60848.20725948444
61253,480032.97049391357
61254,253708.6479059024
61255,529909.9403648245
61256,512599.205553408
61257,69489.0925304364
61258,506878.1543462585
61259,133841.2932992433
61260,480912.14407037105
61261,451465.8406341232
61262,49273.54277517831
61263,451822.88999370177
61264,63303.010998226004
61265,402542.2306026668
61266,451611.98575747677
61267,457708.4288120656
61268,56627.327880307705
61269,469484.88513057923
61270,89641.33024328244
61271,94001.81425404249
61272,451611.98575747677
61273,529909.9403648245
61274,294955.131464303
61275,518021.5225737501
61276,541968.1375296392
61277,60848.20725948444
61278,545785.4169768337
61279,565778.5473334233
61280,505615.93301334954
61281,84156.31321611458
61282,63963.516390697885
61283,537166.4569934089
61284,560897.7429014475
61285,86815.3459170629
61286,518133.4840463105
61287,469273.98089435423
61288,512247.9452279466
61289,229953.71662231107
61290,451611.98575747677
61291,521541.98043381074
61292,506840.83300423506
61293,521541.98043381074
61294,471957.9464754089
61295,97900.30360969111
61296,539994.9811650976
61297,533738.0784092724
61298,473102.1189388021
61299,440836.60021074157
61300,473313.0231750271
61301,529909.9403648245
61302,512247.9452279466
61303,469484.88513057923
61304,380994.4953445501
61305,545785.4169768337
61306,267467.52632103197
61307,584870.7950947338
61308,51123.458517453924
61309,63303.010998226004
61310,116887.24944679765
61311,457497.5245758406
61312,462370.9753570361
61313,513177.1350680264
61314,521541.98043381074
61315,85667.82553375886
61316,451822.88999370177
61317,217476.07222001205
61318,545143.0249695482
61319,73356.27351558022
61320,171132.9577624468
61321,519980.74502305867
61322,551697.533055943
61323,85671.13797389521
61324,111758.92585669461
61325,498341.9287903943
61326,560710.9653820973
61327,56627.327880307705
61328,433411.7359981777
61329,542423.3843263721
61330,535195.4272194294
61331,68661.27266686913
61332,573095.1730316436
61333,574581.4672007225
61334,469484.88513057923
61335,438407.1172965393
61336,114895.3809413593
61337,409803.5872850977
61338,467610.63964592764
61339,543926.6804246163
61340,473313.0231750271
61341,469484.88513057923
61342,512992.264902915
61343,566688.1787131836
61344,113376.78839933389
61345,469273.98089435423
61346,512247.9452279466
61347,560897.7429014475
61348,118846.7993950352
61349,113319.85697903056
61350,511501.8718306407
61351,518133.4840463105
61352,516297.2339363733
61353,539352.5891578121
61354,547524.5319360729
61355,49273.54277517831
61356,63963.516390697885
61357,574581.4672007225
61358,134955.29974863646
61359,469273.98089435423
61360,451822.88999370177
61361,451822.88999370177
61362,92177.98750668962
61363,522571.0481150841
61364,547888.8147136766
61365,572219.7060781164
61366,43352.00408082252
61367,505615.93301334954
61368,517647.0855743594
61369,486704.0360882249
61370,521973.4682048713
61371,499352.15176313295
61372,532084.5126642258
61373,527743.5947405851
61374,472100.2675243553
61375,126504.90524372006
61376,224520.89426043446
61377,532593.9059458792
61378,137313.13003001394
61379,87643.64667355975
61380,473102.1189388021
61381,548223.5010292022
61382,477115.9451845016
61383,65778.3306067108
61384,573095.1730316436
61385,574581.4672007225
61386,147894.28173073006
61387,68826.94463031879
61388,512247.9452279466
61389,451611.98575747677
61390,491979.04485302046
61391,468285.2128880143
61392,525724.805949143
61393,64726.51992968144
61394,573095.1730316436
61395,60848.20725948444
61396,486704.0360882249
61397,548223.5010292022
61398,451822.88999370177
61399,133004.1212107585
61400,571182.1535576539
61401,451822.88999370177
61402,500555.12100113777
61403,151040.8486278124
61404,506198.44099694956
61405,452170.9217792508
61406,191757.4510573565
61407,229690.12369986047
61408,499352.15176313295
61409,527743.5947405851
61410,539994.9811650976
61411,63193.55361159757
61412,63303.010998226004
61413,139785.14373088832
61414,451611.98575747677
61415,50317.99759709978
61416,544851.5771851169
61417,49273.54277517831
61418,504144.81179087784
61419,451611.98575747677
61420,451822.88999370177
61421,456265.0527065833
61422,453685.2633719497
61423,545822.7383188573
61424,213298.84763548465
61425,450865.9123601708
61426,164588.8606807131
61427,514734.6665528141
61428,542423.3843263721
61429,512247.9452279466
61430,61388.76645185804
61431,56627.327880307705
61432,451822.88999370177
61433,70478.82245975228
61434,544851.5771851169
61435,539739.4187453174
61436,102696.55330694618
61437,498341.9287903943
61438,275654.49634838593
61439,87643.64667355975
61440,101280.76028008912
61441,50114.698076495115
61442,158261.23170988838
61443,539352.5891578121
61444,469484.88513057923
61445,512247.9452279466
61446,60848.20725948444
61447,451076.8165963958
61448,512247.9452279466
61449,559390.4811618449
61450,212224.2111006793
61451,509562.1199273132
61452,96252.06826554658
61453,547851.493371653
61454,472168.8507116339
61455,580951.6852381991
61456,290980.4325691751
61457,588535.1923034907
61458,512044.0078374938
61459,128932.05589125025
61460,485212.9448330394
61461,543841.0208493875
61462,592727.3073012893
61463,119642.83450041707
61464,529909.9403648245
61465,473313.0231750271
61466,588535.1923034907
61467,500555.12100113777
61468,506840.83300423506
61469,230549.04783613735
61470,462370.9753570361
61471,418969.23531193304
61472,63193.55361159757
61473,527743.5947405851
61474,127954.18041218199
61475,60784.1998537106
61476,456265.0527065833
61477,56455.80021240519
61478,84778.09521440808
61479,533738.0784092724
61480,48789.87741450328
61481,56627.327880307705
61482,166184.7032876122
61483,545785.4169768337
61484,471089.86938979884
61485,469273.98089435423
61486,107472.80419237299
61487,121258.99028983914
61488,75538.57735706694
61489,498984.3207976798
61490,68928.88522414195
61491,524978.7325518371
61492,55061.898280560665
61493,566688.1787131836
61494,512247.9452279466
61495,178916.2552748535
61496,548223.5010292022
61497,568754.2551080029
61498,573095.1730316436
61499,456475.9569428083
61500,529909.9403648245
61501,451076.8165963958
61502,56455.80021240519
61503,208046.9865161519
61504,512247.9452279466
61505,512247.9452279466
61506,451822.88999370177
61507,450865.9123601708
61508,524157.528805638
61509,530427.5603216396
61510,68686.30924403685
61511,549824.6497361946
61512,527743.5947405851
61513,58968.69997184573
61514,547851.493371653
61515,72016.53677057609
61516,69797.6319173261
61517,62501.6766093304
61518,419180.13954815804
61519,571438.2206890576
61520,486704.0360882249
61521,469273.98089435423
61522,584851.6812168054
61523,120055.1499014541
61524,70023.26934527408
61525,506198.44099694956
61526,80401.35275820919
61527,405975.4492406498
61528,106356.72799170345
61529,457222.03034011426
61530,476601.4840909501
61531,64726.51992968144
61532,462370.9753570361
61533,451611.98575747677
61534,422863.6506348434
61535,452170.9217792508
61536,49273.54277517831
61537,66869.71202566137
61538,49969.51065755451
61539,512247.9452279466
61540,65008.36782761057
61541,532084.5126642258
61542,450865.9123601708
61543,491979.04485302046
61544,75378.9715172676
61545,544851.5771851169
61546,475467.15185248305
61547,539994.9811650976
61548,505615.93301334954
61549,60784.1998537106
61550,588535.1923034907
61551,77454.70084311864
61552,546626.5933807674
61553,71284.25863252854
61554,82412.78379266328
61555,433411.7359981777
61556,79940.20077173976
61557,584851.6812168054
61558,512044.0078374938
61559,521973.4682048713
61560,68201.99236461378
61561,547581.1090219168
61562,500794.83477271884
61563,513388.0393042512
61564,588535.1923034907
61565,501896.58927609946
61566,486493.1318519999
61567,469484.88513057923
61568,539941.0248707812
61569,516901.0121770535
61570,70689.98171518037
61571,573095.1730316436
61572,405975.4492406498
61573,473102.1189388021
61574,60848.20725948444
61575,68928.88522414195
61576,508360.49675080844
61577,412878.3060211034
61578,512247.9452279466
61579,547888.8147136766
61580,521331.0761975858
61581,72533.07456076705
61582,469484.88513057923
61583,547851.493371653
61584,73838.15585881726
61585,470343.7959924929
61586,49793.89033410835
61587,113547.10601714431
61588,451465.8406341232
61589,123314.88315521003
61590,48789.87741450328
61591,86815.3459170629
61592,565778.5473334233
61593,62294.819210640126
61594,571824.5455649394
61595,477115.9451845016
61596,90483.32070888732
61597,527743.5947405851
61598,573095.1730316436
61599,451076.8165963958
61600,451611.98575747677
61601,405975.4492406498
61602,78890.032653421
61603,521541.98043381074
61604,473102.1189388021
61605,60848.20725948444
61606,496633.9484172839
61607,548007.2412898667
61608,573095.1730316436
61609,452170.9217792508
61610,52614.23503941558
61611,96155.66513573637
61612,535789.4366261075
61613,52614.23503941558
61614,560897.7429014475
61615,64588.46865640287
61616,60243.640661337005
61617,56455.80021240519
61618,100885.9460585882
61619,65684.12728350761
61620,451611.98575747677
61621,107472.80419237299
61622,451611.98575747677
61623,123314.88315521003
61624,522184.37244109623
61625,543841.0208493875
61626,469484.88513057923
61627,451076.8165963958
61628,543841.0208493875
61629,49273.54277517831
61630,471783.6407657977
61631,560897.7429014475
61632,519887.08253402944
61633,472168.8507116339
61634,574581.4672007225
61635,519887.08253402944
61636,532084.5126642258
61637,461624.90195973014
61638,560897.7429014475
61639,519887.08253402944
61640,64726.51992968144
61641,86800.28286871921
61642,529909.9403648245
61643,51728.34651391989
61644,477862.01858180756
61645,469273.98089435423
61646,72867.02348983796
61647,56627.327880307705
61648,471957.9464754089
61649,96067.56020982732
61650,65778.3306067108
61651,519887.08253402944
61652,476852.32062835264
61653,584851.6812168054
61654,450865.9123601708
61655,61388.76645185804
61656,68201.99236461378
61657,220343.66967590706
61658,461959.45864784665
61659,543841.0208493875
61660,529909.9403648245
61661,573095.1730316436
61662,506878.1543462585
61663,476852.32062835264
61664,463927.1285592423
61665,77058.19651046036
61666,483861.10853836144
61667,451611.98575747677
61668,125673.86417282638
61669,105380.92657184253
61670,87643.64667355975
61671,419180.13954815804
61672,63303.010998226004
61673,522571.0481150841
61674,532084.5126642258
61675,63303.010998226004
61676,74258.97798080555
61677,579124.3697068403
61678,68201.99236461378
61679,528175.0989611786
61680,61497.544886679396
61681,539994.9811650976
61682,512247.9452279466
61683,486493.1318519999
61684,553085.2411187346
61685,419207.50018503884
61686,90322.0316864056
61687,427631.90990323335
61688,451076.8165963958
61689,527452.7445121192
61690,469273.98089435423
61691,451611.98575747677
61692,60243.640661337005
61693,532084.5126642258
61694,160411.7762453116
61695,529909.9403648245
61696,64809.15437593429
61697,71270.46337327013
61698,451822.88999370177
61699,78484.88274858598
61700,464553.67731759173
61701,52127.471437058986
61702,49273.54277517831
61703,519887.08253402944
61704,66869.71202566137
61705,469416.30194330064
61706,498207.97929973976
61707,112255.1644303762
61708,523514.0601347731
61709,486373.387929943
61710,509391.85276836966
61711,49273.54277517831
61712,68684.52624167435
61713,469273.98089435423
61714,512247.9452279466
61715,572219.7060781164
61716,451076.8165963958
61717,64726.51992968144
61718,95509.05102678218
61719,464553.67731759173
61720,553679.2505254127
61721,462370.9753570361
61722,69885.05508505364
61723,571824.5455649394
61724,49273.54277517831
61725,112109.34509194962
61726,49273.54277517831
61727,68742.55155698738
61728,64726.51992968144
61729,63358.94979255044
61730,462370.9753570361
61731,61826.617408498954
61732,213298.84763548465
61733,498984.3207976798
61734,529909.9403648245
61735,54043.51777052961
61736,68201.99236461378
61737,68201.99236461378
61738,169766.78421083497
61739,469273.98089435423
61740,53151.855445375324
61741,532084.5126642258
61742,463927.1285592423
61743,521541.98043381074
61744,411921.32838757243
61745,526236.0158641476
61746,451076.8165963958
61747,58626.183025179474
61748,532084.5126642258
61749,487785.9065849479
61750,480032.97049391357
61751,496655.42642770166
61752,64174.71863626746
61753,60670.44517449973
61754,512247.9452279466
61755,357440.39118509315
61756,451822.88999370177
61757,60784.1998537106
61758,543841.0208493875
61759,107345.73204475071
61760,101921.49983837246
61761,416523.53460398415
61762,96252.06826554658
61763,419180.13954815804
61764,555381.0441426283
61765,54932.75777971589
61766,430540.30115798087
61767,473313.0231750271
61768,405764.5450044248
61769,512247.9452279466
61770,80242.71165465629
61771,148395.9613897058
61772,143157.06367060065
61773,101091.15711710708
61774,95944.76089951131
61775,233982.06412102966
61776,167671.16580311814
61777,486704.0360882249
61778,491979.04485302046
61779,475467.15185248305
61780,58173.397007939064
61781,469273.98089435423
61782,500555.12100113777
61783,469273.98089435423
61784,533738.0784092724
61785,68201.99236461378
61786,571182.1535576539
61787,74068.60103946565
61788,137102.2257937889
61789,49273.54277517831
61790,451611.98575747677
61791,569372.1442942383
61792,545785.4169768337
61793,513388.0393042512
61794,143778.10442805788
61795,166184.7032876122
61796,55715.429028464154
61797,451611.98575747677
61798,512247.9452279466
61799,529909.9403648245
61800,460304.09498725616
61801,49273.54277517831
61802,512247.9452279466
61803,506920.68167331297
61804,519887.08253402944
61805,563581.7084825021
61806,77454.70084311864
61807,572219.7060781164
61808,405764.5450044248
61809,101425.2612646909
61810,566688.1787131836
61811,68742.55155698738
61812,71599.79676292602
61813,451822.88999370177
61814,451963.2460829378
61815,539352.5891578121
61816,533454.8253770173
61817,547413.2318831886
61818,469484.88513057923
61819,451611.98575747677
61820,469416.30194330064
61821,86897.01134858138
61822,506198.44099694956
61823,512247.9452279466
61824,75455.03960112404
61825,473313.0231750271
61826,51728.34651391989
61827,469273.98089435423
61828,477115.9451845016
61829,475467.15185248305
61830,418118.85389945214
61831,252644.4026877064
61832,68111.91170966145
61833,522571.0481150841
61834,480912.14407037105
61835,521541.98043381074
61836,91408.30567879263
61837,512247.9452279466
61838,465299.7507148977
61839,78546.18599247976
61840,71956.70367089812
61841,56627.327880307705
61842,473313.0231750271
61843,51123.458517453924
61844,405975.4492406498
61845,195827.40539288605
61846,527743.5947405851
61847,139669.02917811417
61848,207836.08227992686
61849,148206.89169569343
61850,517336.3071427763
61851,282308.48358314193
61852,51728.34651391989
61853,324577.6638409992
61854,516901.0121770535
61855,517647.0855743594
61856,447830.00385561003
61857,137102.2257937889
61858,516297.2339363733
61859,64726.51992968144
61860,490387.54717491026
61861,416523.53460398415
61862,78002.32211831669
61863,409225.0506913987
61864,180213.42852492805
61865,80979.7134128695
61866,66869.71202566137
61867,451611.98575747677
61868,63007.02004833195
61869,64726.51992968144
61870,514734.6665528141
61871,512138.2144751495
61872,517336.3071427763
61873,68201.99236461378
61874,517647.0855743594
61875,495524.0137186851
61876,62663.02147549741
61877,56627.327880307705
61878,76586.42988648906
61879,128408.86009403714
61880,394908.54845800047
61881,60848.20725948444
61882,512247.9452279466
61883,465299.7507148977
61884,512247.9452279466
61885,519887.08253402944
61886,598258.8346662221
61887,405975.4492406498
61888,580951.6852381991
61889,516901.0121770535
61890,262854.489220518
61891,68926.40296484633
61892,68201.99236461378
61893,483747.5574001714
61894,477862.01858180756
61895,209289.15111614444
61896,128176.49282581735
61897,419180.13954815804
61898,527743.5947405851
61899,512247.9452279466
61900,56627.327880307705
61901,64412.25564213912
61902,543841.0208493875
61903,274386.47059270396
61904,573095.1730316436
61905,63303.010998226004
61906,56627.327880307705
61907,63303.010998226004
61908,539994.9811650976
61909,60848.20725948444
61910,394908.54845800047
61911,473313.0231750271
61912,66711.41179205009
61913,49273.54277517831
61914,422652.7463986184
61915,502634.97132840997
61916,463927.1285592423
61917,84142.34917367014
61918,95944.76089951131
61919,469484.88513057923
61920,58160.36018389169
61921,451611.98575747677
61922,476601.4840909501
61923,513966.4053499921
61924,180286.44273313705
61925,221300.65310001792
61926,528816.5210708701
61927,560897.7429014475
61928,60848.20725948444
61929,529909.9403648245
61930,199707.76464365557
61931,547851.493371653
61932,60848.20725948444
61933,60848.20725948444
61934,544851.5771851169
61935,161684.77494934775
61936,418969.23531193304
61937,520991.95990003203
61938,63303.010998226004
61939,476660.81101463956
61940,56174.185629683256
61941,412429.703622448
61942,87098.22004461123
61943,536955.5527571839
61944,68928.88522414195
61945,527743.5947405851
61946,72020.45583415196
61947,469205.39770707564
61948,479285.4496720048
61949,423908.6711691831
61950,208046.9865161519
61951,62183.33452759216
61952,226359.21239040047
61953,166042.1182016149
61954,471957.9464754089
61955,471957.9464754089
61956,566688.1787131836
61957,430540.30115798087
61958,584851.6812168054
61959,552417.0291925035
61960,573095.1730316436
61961,545785.4169768337
61962,188180.44122515726
61963,451822.88999370177
61964,101089.68779238306
61965,539941.0248707812
61966,491979.04485302046
61967,512247.9452279466
61968,60848.20725948444
61969,451611.98575747677
61970,86211.12522493166
61971,573095.1730316436
61972,487785.9065849479
61973,529909.9403648245
61974,56627.327880307705
61975,588535.1923034907
61976,451822.88999370177
61977,80728.47052890439
61978,539994.9811650976
61979,560897.7429014475
61980,484457.9962975055
61981,71172.29098243196
61982,533738.0784092724
61983,210544.41181654294
61984,524157.528805638
61985,498341.9287903943
61986,49273.54277517831
61987,477862.01858180756
61988,422863.6506348434
61989,85682.70941130446
61990,72899.20519074757
61991,521541.98043381074
61992,469484.88513057923
61993,573095.1730316436
61994,451611.98575747677
61995,560897.7429014475
61996,112755.70184550346
61997,95944.76089951131
61998,516901.0121770535
61999,405975.4492406498
62000,56455.80021240519
62001,451611.98575747677
62002,506840.83300423506
62003,526730.4905575466
62004,512247.9452279466
62005,539941.0248707812
62006,566688.1787131836
62007,63665.76736044301
62008,176755.99153862314
62009,126303.53982653598
62010,68928.88522414195
62011,491979.04485302046
62012,545785.4169768337
62013,409803.5872850977
62014,498341.9287903943
62015,471783.6407657977
62016,584870.7950947338
62017,291817.6136886864
62018,498341.9287903943
62019,504238.6320878231
62020,520445.8971892462
62021,451822.88999370177
62022,60848.20725948444
62023,486162.483693718
62024,477862.01858180756
62025,480032.97049391357
62026,63963.516390697885
62027,405975.4492406498
62028,65467.86485328499
62029,498984.3207976798
62030,531514.9246240442
62031,532593.9059458792
62032,512247.9452279466
62033,483352.7241802638
62034,52127.471437058986
62035,68201.99236461378
62036,72596.10120889259
62037,68684.52624167435
62038,475467.15185248305
62039,506284.14493958035
62040,109363.05582675448
62041,49273.54277517831
62042,571438.2206890576
62043,68881.00627069474
62044,571824.5455649394
62045,68201.99236461378
62046,533738.0784092724
62047,107768.80019885035
62048,63303.010998226004
62049,588535.1923034907
62050,509562.1199273132
62051,471089.86938979884
62052,533738.0784092724
62053,498470.5409693017
62054,512247.9452279466
62055,452170.9217792508
62056,419207.50018503884
62057,97210.84359298412
62058,232198.26451900954
62059,573095.1730316436
62060,513388.0393042512
62061,82455.03149288746
62062,67282.67906929797
62063,63619.57469240803
62064,512247.9452279466
62065,471889.3632881303
62066,412878.3060211034
62067,469484.88513057923
62068,405764.5450044248
62069,456475.9569428083
62070,572219.7060781164
62071,56627.327880307705
62072,469484.88513057923
62073,545143.0249695482
62074,472168.8507116339
62075,179439.95711967783
62076,556816.550059187
62077,418969.23531193304
62078,132382.29244486877
62079,103879.20654140165
62080,61388.76645185804
62081,49793.89033410835
62082,54198.52256682852
62083,512247.9452279466
62084,60756.826256389504
62085,450865.9123601708
62086,498341.9287903943
62087,480032.97049391357
62088,106574.06944358499
62089,473313.0231750271
62090,512044.0078374938
62091,102524.33032323165
62092,521541.98043381074
62093,462370.9753570361
62094,512247.9452279466
62095,452170.9217792508
62096,71911.10077603314
62097,100713.12125398281
62098,136254.8697412334
62099,512247.9452279466
62100,456475.9569428083
62101,486482.8166540003
62102,69271.76833351966
62103,451465.8406341232
62104,405764.5450044248
62105,487785.9065849479
62106,512247.9452279466
62107,71814.7907686287
62108,521973.4682048713
62109,126294.00100749503
62110,66283.63369700203
62111,70196.31127314843
62112,511501.8718306407
62113,469273.98089435423
62114,51728.34651391989
62115,512589.3849826907
62116,68201.99236461378
62117,464342.77308136673
62118,512247.9452279466
62119,64726.51992968144
62120,137215.87119902778
62121,52127.471437058986
62122,59378.95416735387
62123,422863.6506348434
62124,537987.660739608
62125,101921.49983837246
62126,418969.23531193304
62127,517785.4942509135
62128,430540.30115798087
62129,60848.20725948444
62130,471783.6407657977
62131,555381.0441426283
62132,522071.585505039
62133,119743.56227609834
62134,422652.7463986184
62135,430329.39692175586
62136,75432.17610583045
62137,67969.39566460197
62138,469273.98089435423
62139,82488.44075224869
62140,506840.83300423506
62141,451611.98575747677
62142,68201.99236461378
62143,473102.1189388021
62144,254615.5724606664
62145,469484.88513057923
62146,451822.88999370177
62147,60661.78494532998
62148,68928.88522414195
62149,560897.7429014475
62150,137022.37142759142
62151,517336.3071427763
62152,133494.86386913242
62153,553679.2505254127
62154,53394.62402504551
62155,469273.98089435423
62156,573095.1730316436
62157,456265.0527065833
62158,539739.4187453174
62159,548798.3648138784
62160,49793.89033410835
62161,51728.34651391989
62162,467750.04372693336
62163,519887.08253402944
62164,68201.99236461378
62165,457708.4288120656
62166,457222.03034011426
62167,166374.44457273293
62168,506840.83300423506
62169,522571.0481150841
62170,116356.95932008454
62171,547524.5319360729
62172,451076.8165963958
62173,70245.58844791798
62174,573095.1730316436
62175,537928.9047702783
62176,514734.6665528141
62177,50806.57507876228
62178,412878.3060211034
62179,69797.6319173261
62180,122043.85225528383
62181,158241.85765076513
62182,592727.3073012893
62183,63927.963263931015
62184,75824.50625153778
62185,513177.1350680264
62186,56627.327880307705
62187,472168.8507116339
62188,87643.64667355975
62189,68201.99236461378
62190,78825.02653739338
62191,490387.54717491026
62192,506198.44099694956
62193,512247.9452279466
62194,99883.73566265448
62195,477115.9451845016
62196,571182.1535576539
62197,469273.98089435423
62198,226141.6201351415
62199,512247.9452279466
62200,56627.327880307705
62201,501896.58927609946
62202,409803.5872850977
62203,129746.7734954718
62204,513652.79605609097
62205,564524.7205021909
62206,188155.7220210401
62207,451822.88999370177
62208,75455.03960112404
62209,62501.6766093304
62210,68323.55607640307
62211,433224.26673903555
62212,133059.34725407232
62213,547888.8147136766
62214,483239.78846849804
62215,486704.0360882249
62216,74621.11539236856
62217,229936.3167937559
62218,173030.7164564896
62219,117236.32276583606
62220,519887.08253402944
62221,56627.327880307705
62222,508360.49675080844
62223,53151.855445375324
62224,520445.8971892462
62225,473102.1189388021
62226,451611.98575747677
62227,545143.0249695482
62228,211797.9958699335
62229,517336.3071427763
62230,545143.0249695482
62231,70524.5554937553
62232,451822.88999370177
62233,67187.34426592574
62234,517785.4942509135
62235,518379.5036575918
62236,451676.7448703482
62237,473313.0231750271
62238,70655.9859857201
62239,545270.9461102502
62240,450865.9123601708
62241,539739.4187453174
62242,405764.5450044248
62243,590402.3224596666
62244,573095.1730316436
62245,473313.0231750271
62246,231890.7972213704
62247,103095.87850153388
62248,72770.05366687353
62249,95866.00624548928
62250,102884.97426530885
62251,560897.7429014475
62252,498341.9287903943
62253,503478.8003537735
62254,61678.03143730096
62255,512247.9452279466
62256,469273.98089435423
62257,451076.8165963958
62258,422652.7463986184
62259,529909.9403648245
62260,573095.1730316436
62261,142998.6710484452
62262,456475.9569428083
62263,573095.1730316436
62264,482597.3964612126
62265,264783.5607399773
62266,539528.5145090924
62267,53151.855445375324
62268,471550.9615253986
62269,451611.98575747677
62270,49273.54277517831
62271,451611.98575747677
62272,232198.26451900954
62273,472168.8507116339
62274,539994.9811650976
62275,94001.81425404249
62276,103152.5518910358
62277,519887.08253402944
62278,60848.20725948444
62279,51728.34651391989
62280,569372.1442942383
62281,473313.0231750271
62282,553085.2411187346
62283,475467.15185248305
62284,462370.9753570361
62285,61361.321502664105
62286,474947.8293082334
62287,451822.88999370177
62288,61189.72559396027
62289,513472.4452199048
62290,451822.88999370177
62291,469484.88513057923
62292,402542.2306026668
62293,483861.10853836144
62294,80936.84957469255
62295,451076.8165963958
62296,111780.63179416482
62297,505615.93301334954
62298,136254.8697412334
62299,498341.9287903943
62300,574581.4672007225
62301,522871.6681274875
62302,553679.2505254127
62303,506878.1543462585
62304,451822.88999370177
62305,377100.08002163976
62306,529909.9403648245
62307,75052.86128977076
62308,68878.78035926583
62309,451611.98575747677
62310,56627.327880307705
62311,172134.4540216513
62312,324577.6638409992
62313,60678.98606500502
62314,451611.98575747677
62315,52096.62544297536
62316,560710.9653820973
62317,592727.3073012893
62318,476852.32062835264
62319,473313.0231750271
62320,512247.9452279466
62321,93856.75137455932
62322,451611.98575747677
62323,69513.62130650907
62324,532084.5126642258
62325,537928.9047702783
62326,68201.99236461378
62327,60848.20725948444
62328,498341.9287903943
62329,94001.81425404249
62330,534984.5229832045
62331,66188.91654271276
62332,521541.98043381074
62333,123166.57665259301
62334,55107.69338211727
62335,547524.5319360729
62336,530427.5603216396
62337,113710.21345766212
62338,49273.54277517831
62339,498984.3207976798
62340,60848.20725948444
62341,264783.5607399773
62342,405764.5450044248
62343,451076.8165963958
62344,506878.1543462585
62345,483747.5574001714
62346,574581.4672007225
62347,68742.55155698738
62348,451822.88999370177
62349,579718.3791135184
62350,519887.08253402944
62351,469273.98089435423
62352,498341.9287903943
62353,58173.397007939064
62354,217049.85698926626
62355,545060.0418740252
62356,50806.57507876228
62357,82219.7587290623
62358,539352.5891578121
62359,60848.20725948444
62360,486589.30324762606
62361,512247.9452279466
62362,469273.98089435423
62363,66869.71202566137
62364,451611.98575747677
62365,75136.6535238125
62366,419922.9435188039
62367,573095.1730316436
62368,222204.77678088797
62369,469484.88513057923
62370,451611.98575747677
62371,512247.9452279466
62372,532593.9059458792
62373,469484.88513057923
62374,469484.88513057923
62375,469416.30194330064
62376,83831.37810636184
62377,451822.88999370177
62378,532084.5126642258
62379,95581.40351414873
62380,155066.8900914834
62381,49273.54277517831
62382,499352.15176313295
62383,529909.9403648245
62384,56627.327880307705
62385,73481.14300401145
62386,512247.9452279466
62387,506198.44099694956
62388,467024.0423061426
62389,512992.264902915
62390,83981.45573310116
62391,450865.9123601708
62392,512247.9452279466
62393,130183.19263990881
62394,486482.8166540003
62395,155955.53840376725
62396,68881.00627069474
62397,477862.01858180756
62398,462970.9036309885
62399,553679.2505254127
62400,473313.0231750271
62401,405975.4492406498
62402,451822.88999370177
62403,63303.010998226004
62404,529909.9403648245
62405,205298.85547074603
62406,469273.98089435423
62407,68137.98495883997
62408,68928.88522414195
62409,545143.0249695482
62410,525598.3131704616
62411,53743.41721580289
62412,141619.88775810687
62413,451822.88999370177
62414,500555.12100113777
62415,506840.83300423506
62416,451822.88999370177
62417,512247.9452279466
62418,553679.2505254127
62419,480032.97049391357
62420,54684.8877489593
62421,512247.9452279466
62422,519851.88778256805
62423,450865.9123601708
62424,538857.5995716342
62425,539994.9811650976
62426,92012.57929997354
62427,498341.9287903943
62428,521331.0761975858
62429,469484.88513057923
62430,60848.20725948444
62431,70684.98796508936
62432,519980.74502305867
62433,61501.57163869441
62434,498984.3207976798
62435,498341.9287903943
62436,103210.00101367309
62437,489871.40068416786
62438,77257.74538386828
62439,498984.3207976798
62440,461624.90195973014
62441,558796.1546183318
62442,491979.04485302046
62443,545270.9461102502
62444,99400.9874431171
62445,554228.4308533475
62446,450513.9694366647
62447,56627.327880307705
62448,51728.34651391989
62449,450865.9123601708
62450,113275.50495617045
62451,68742.55155698738
62452,547581.1090219168
62453,175932.8588630705
62454,63418.81119126669
62455,56455.80021240519
62456,471089.86938979884
62457,78948.8692661835
62458,527743.5947405851
62459,545143.0249695482
62460,469484.88513057923
62461,500363.46775554307
62462,451822.88999370177
62463,584851.6812168054
62464,80809.345003364
62465,506840.83300423506
62466,518133.4840463105
62467,544851.5771851169
62468,60848.20725948444
62469,451822.88999370177
62470,433078.6740179401
62471,512247.9452279466
62472,462370.9753570361
62473,60848.20725948444
62474,573095.1730316436
62475,56627.327880307705
62476,571182.1535576539
62477,409592.6830488727
62478,527743.5947405851
62479,409592.6830488727
62480,560897.7429014475
62481,49273.54277517831
62482,89430.42600705741
62483,57983.67934383794
62484,150510.24487316364
62485,574581.4672007225
62486,451822.88999370177
62487,523514.0601347731
62488,52127.471437058986
62489,469484.88513057923
62490,469273.98089435423
62491,148262.0488533093
62492,505615.93301334954
62493,65914.73511844799
62494,525925.5769146435
62495,75455.03960112404
62496,532084.5126642258
62497,540985.5458943306
62498,473102.1189388021
62499,560897.7429014475
62500,87678.71742020414
62501,469484.88513057923
62502,456265.0527065833
62503,267003.6303424465
62504,480032.97049391357
62505,405975.4492406498
62506,512247.9452279466
62507,451611.98575747677
62508,469273.98089435423
62509,59972.71289145081
62510,270858.5981529547
62511,469484.88513057923
62512,68201.99236461378
62513,267940.27518412226
62514,49273.54277517831
62515,153220.27482678066
62516,451822.88999370177
62517,547524.5319360729
62518,403001.80278738315
62519,54974.64014830248
62520,573095.1730316436
62521,451611.98575747677
62522,71195.65805061453
62523,511501.8718306407
62524,529909.9403648245
62525,474947.8293082334
62526,450865.9123601708
62527,527743.5947405851
62528,56627.327880307705
62529,48269.52985557327
62530,565180.5998367461
62531,59378.95416735387
62532,394697.64422177547
62533,471783.6407657977
62534,463927.1285592423
62535,545143.0249695482
62536,506840.83300423506
62537,469484.88513057923
62538,94001.81425404249
62539,195827.40539288605
62540,70743.69944015493
62541,506920.68167331297
62542,461624.90195973014
62543,519887.08253402944
62544,513652.79605609097
62545,480032.97049391357
62546,94275.4122778437
62547,91892.51129192357
62548,545143.0249695482
62549,529909.9403648245
62550,62663.02147549741
62551,87643.64667355975
62552,451611.98575747677
62553,506198.44099694956
62554,545143.0249695482
62555,516901.0121770535
62556,571182.1535576539
62557,498341.9287903943
62558,500555.12100113777
62559,545143.0249695482
62560,573095.1730316436
62561,551697.533055943
62562,60848.20725948444
62563,49273.54277517831
62564,555745.326920232
62565,512247.9452279466
62566,357229.48694886814
62567,522184.37244109623
62568,63365.62800292847
62569,161046.74223058723
62570,545785.4169768337
62571,451076.8165963958
62572,473313.0231750271
62573,473313.0231750271
62574,53151.855445375324
62575,538992.7678053599
62576,498341.9287903943
62577,211797.9958699335
62578,462370.9753570361
62579,178196.2510387892
62580,476601.4840909501
62581,76586.42988648906
62582,461959.45864784665
62583,65267.079122055045
62584,61642.02396763687
62585,75763.57696080343
62586,60848.20725948444
62587,473102.1189388021
62588,463927.1285592423
62589,511501.8718306407
62590,512247.9452279466
62591,463927.1285592423
62592,556816.550059187
62593,139132.16196317787
62594,161684.77494934775
62595,473313.0231750271
62596,539994.9811650976
62597,56455.80021240519
62598,125143.46033335433
62599,86356.227634206
62600,451822.88999370177
62601,405764.5450044248
62602,527743.5947405851
62603,60848.20725948444
62604,532593.9059458792
62605,488798.91422114626
62606,69704.85417068958
62607,456265.0527065833
62608,519887.08253402944
62609,102524.33032323165
62610,62899.38580878757
62611,60848.20725948444
62612,49793.89033410835
62613,512412.5165180488
62614,532084.5126642258
62615,126485.91239444389
62616,63193.55361159757
62617,451611.98575747677
62618,495524.0137186851
62619,462370.9753570361
62620,123707.02805207073
62621,451076.8165963958
62622,539352.5891578121
62623,532084.5126642258
62624,543841.0208493875
62625,519887.08253402944
62626,532593.9059458792
62627,82430.94975569387
62628,70433.23368672909
62629,513177.1350680264
62630,555745.326920232
62631,504238.6320878231
62632,476971.24208485486
62633,53151.855445375324
62634,545143.0249695482
62635,512412.5165180488
62636,500957.47716222116
62637,68110.61136151884
62638,56627.327880307705
62639,505615.93301334954
62640,469273.98089435423
62641,451076.8165963958
62642,452170.9217792508
62643,539739.4187453174
62644,541968.1375296392
62645,565778.5473334233
62646,539941.0248707812
62647,49273.54277517831
62648,532084.5126642258
62649,548223.5010292022
62650,539941.0248707812
62651,131269.26629931538
62652,49793.89033410835
62653,48789.87741450328
62654,405975.4492406498
62655,547524.5319360729
62656,547524.5319360729
62657,422652.7463986184
62658,110789.18703707008
62659,471889.3632881303
62660,451822.88999370177
62661,71560.29726498331
62662,61678.03143730096
62663,553679.2505254127
62664,87938.14819834539
62665,560897.7429014475
62666,512247.9452279466
62667,126294.00100749503
62668,422863.6506348434
62669,121763.70246887614
62670,470343.7959924929
62671,519980.74502305867
62672,113499.30922143708
62673,83981.45573310116
62674,512247.9452279466
62675,506198.44099694956
62676,74815.377329496
62677,512247.9452279466
62678,73979.22840818627
62679,43352.00408082252
62680,61073.464839153516
62681,70212.35863058614
62682,64726.51992968144
62683,49793.89033410835
62684,451822.88999370177
62685,49273.54277517831
62686,282020.31279223127
62687,128180.08699216745
62688,456265.0527065833
62689,526236.0158641476
62690,539994.9811650976
62691,566688.1787131836
62692,504238.6320878231
62693,87119.39063745119
62694,555381.0441426283
62695,498984.3207976798
62696,568754.2551080029
62697,68742.55155698738
62698,469273.98089435423
62699,502424.067092185
62700,527743.5947405851
62701,539352.5891578121
62702,82566.09528118193
62703,105867.04272286833
62704,181567.37471232595
62705,405975.4492406498
62706,529909.9403648245
62707,69855.46171445979
62708,450865.9123601708
62709,179622.27586113213
62710,405764.5450044248
62711,545785.4169768337
62712,469273.98089435423
62713,456265.0527065833
62714,69953.3602902545
62715,216186.12469068595
62716,491979.04485302046
62717,462370.9753570361
62718,532084.5126642258
62719,573095.1730316436
62720,456475.9569428083
62721,456475.9569428083
62722,450865.9123601708
62723,68201.99236461378
62724,56627.327880307705
62725,74131.62614774748
62726,83149.88101773018
62727,215572.72954305995
62728,64726.51992968144
62729,491979.04485302046
62730,58160.36018389169
62731,518133.4840463105
62732,473102.1189388021
